-2.035593762494259096e+01
-2.030783027724221057e+01
-2.082779876550834786e+01
-2.103756707849635177e+01
-2.045912121696896335e+01
-2.160397985540830845e+01
-2.019673008602878639e+01
-2.102071767523553447e+01
-2.093640153283711314e+01
-2.100331438388456817e+01
-2.096650304576661128e+01
-2.048744121450474509e+01
-2.100285426383053888e+01
-2.145223454668951035e+01
-2.093380576930117343e+01
-2.078750028269368144e+01
-2.051702483440800151e+01
-2.051744088828368362e+01
-2.079757818676117154e+01
-2.143079011050215499e+01
-2.090860057271190797e+01
-2.086952860015433941e+01
-2.085564088159187790e+01
-2.131636429093316210e+01
-2.108527550025704400e+01
-2.041332901628983620e+01
-2.092421282074787925e+01
-2.065417827040471366e+01
-2.144964664892908246e+01
-2.091144805325405898e+01
-2.091080661727404788e+01
-2.201159884423456248e+01
-2.059666214034301390e+01
-2.065486032400506389e+01
-2.059816175478371036e+01
-2.111454337689845673e+01
-2.076422363712079999e+01
-2.082076908833655793e+01
-2.081739908338144573e+01
-2.054697992023342934e+01
-2.068686357236644824e+01
-2.073679516370491172e+01
-2.047781021908689780e+01
-2.076569235552656068e+01
-2.089336873585691379e+01
-2.056802397273344241e+01
-2.132840424002300139e+01
-2.200602797587666615e+01
-2.144362527987954437e+01
-2.101825633163271689e+01
-2.075074380581095568e+01
-2.073325372197748706e+01
-2.056237312769079750e+01
-2.049774025680750356e+01
-2.055164307714756688e+01
-2.173434033430510226e+01
-2.172575616264642306e+01
-2.121668714213375395e+01
-2.058098086674003824e+01
-2.130802109417094670e+01
-2.237502562434384856e+01
-2.110271957427223199e+01
-2.073757319345050476e+01
-2.068096764470934446e+01
-2.067664811047222528e+01
-2.122892361126822536e+01
-2.073527127084838639e+01
-2.058667582539967356e+01
-2.061344211306909813e+01
-2.062033884161807507e+01
-2.104967662746962631e+01
-2.224333212968954143e+01
-2.128234082005994665e+01
-2.110022501477659773e+01
-2.054471014858069111e+01
-2.165881267946853939e+01
-2.212878943416286148e+01
-2.171924132906331550e+01
-2.083694521736802940e+01
-2.107452856172051980e+01
-2.139712468249834743e+01
-2.057554398716131416e+01
-2.069247199557645089e+01
-2.141062542966704285e+01
-2.117511598709912235e+01
-2.054204737449661167e+01
-2.054234781409286725e+01
-2.102411979398695507e+01
-2.057349506688164453e+01
-2.087383558699685793e+01
-2.151864178979273845e+01
-2.164962094316496533e+01
-2.051570471604134482e+01
-2.056058862223555650e+01
-2.131541032844946670e+01
-2.153196110250987871e+01
-2.206833256673543175e+01
-2.094098773509677969e+01
-2.086126152020101898e+01
-2.092830473909359412e+01
-2.075491397932400517e+01
-2.110555364142824075e+01
-2.071422564717023462e+01
-2.159894676296241656e+01
-2.150346425497676606e+01
-2.085326152021141510e+01
-2.063179619564428080e+01
-2.088956236566148661e+01
-2.118638160287228800e+01
-2.048271702996170163e+01
-2.129897730916648158e+01
-2.084152078708025257e+01
-2.088447641663429977e+01
-2.073510621432517453e+01
-2.070438715588380063e+01
-2.162513272883242976e+01
-2.137472402477472500e+01
-2.109069816357067850e+01
-2.108814001915463976e+01
-2.081353309505428939e+01
-2.074964193919517541e+01
-2.072674640961924197e+01
-2.092148049981144453e+01
-2.069217725281874110e+01
-2.131570850723336363e+01
-2.112468332014062256e+01
-2.070565445094380408e+01
-2.124955169035184710e+01
-2.101638964277785959e+01
-2.091629735582744942e+01
-2.078703574021844958e+01
-2.055138772277488357e+01
-2.127767955219553997e+01
-2.109990319561655170e+01
-2.163590635457558164e+01
-2.156331753386485062e+01
-2.218948764085100578e+01
-2.095988870349168565e+01
-2.043627517744314659e+01
-2.043286927125656049e+01
-2.077567746991160291e+01
-2.164941870234846277e+01
-2.059582826125509314e+01
-2.155566609716040105e+01
-2.136445969819096646e+01
-2.098913406469385379e+01
-2.069695511918231290e+01
-2.160488977386542686e+01
-2.082335470816013512e+01
-2.122709071578688977e+01
-2.100494919756418000e+01
-2.120658700355528481e+01
-2.088911069048335634e+01
-2.053033792441836880e+01
-2.072747008637211863e+01
-2.121245914939621358e+01
-2.055542084594199537e+01
-2.087350855147472473e+01
-2.050167727463970735e+01
-2.105558943290084528e+01
-2.095097324876466161e+01
-2.213798427974634819e+01
-2.060180865081924040e+01
-2.120589733402075439e+01
-2.184819967226164295e+01
-2.105954503660723276e+01
-2.093241551269969491e+01
-2.065587700068419252e+01
-2.159161573011548185e+01
-2.092015039917366437e+01
-2.125560003620785210e+01
-2.153909266087431362e+01
-2.088163369241234690e+01
-2.047428803859518709e+01
-2.072398239785456298e+01
-2.133353669652870366e+01
-2.089358847788257734e+01
-2.123521689255302647e+01
-2.155060929595219221e+01
-2.182393802358081558e+01
-2.061311402225422640e+01
-2.117904361211828501e+01
-2.083798819597016561e+01
-2.093539465590740534e+01
-2.084528379916131513e+01
-2.124290350024757146e+01
-2.106299908079914474e+01
-2.070711985561097634e+01
-2.056676389661643256e+01
-2.059781724012639970e+01
-2.128249477238702880e+01
-2.237300724711888122e+01
-2.127499541165461139e+01
-2.135693330676914670e+01
-2.070797454796332815e+01
-2.060143420563565897e+01
-2.066362248329864570e+01
-2.183135398532710525e+01
-2.073332814502444421e+01
-2.092704360417021903e+01
-2.074889400068028777e+01
-2.055649118059790226e+01
-2.121954743945284605e+01
-2.068571175499010550e+01
-2.059868879380520568e+01
-2.085737702859729126e+01
-2.082307662740698362e+01
-2.089224919011461168e+01
-2.114329801504547746e+01
-2.137467819697683780e+01
-2.243635116697528886e+01
-2.102097723417235642e+01
-2.093318486679775248e+01
-2.088640996778687509e+01
-2.102462120500145915e+01
-2.108007431288908862e+01
-2.075389328440394365e+01
-2.069993535317203026e+01
-2.070898819801141855e+01
-2.082801138803380070e+01
-2.153331803828986324e+01
-2.233645344938431521e+01
-2.068058909517651855e+01
-2.108825205119744339e+01
-2.053167069114094545e+01
-2.100320636407624164e+01
-2.190699758278857345e+01
-2.138683777626004101e+01
-2.107425535977151654e+01
-2.046304036172863405e+01
-2.089607020457446396e+01
-2.090888870059649562e+01
-2.218239261013479080e+01
-2.057455959243544541e+01
-2.055186914849977242e+01
-2.138848586361678983e+01
-2.079682910394507189e+01
-2.186776648625861696e+01
-2.164204634299357011e+01
-2.107057919466005913e+01
-2.093493317201225068e+01
-2.138244941956681799e+01
-2.157362839895103690e+01
-2.113036298468551166e+01
-2.083289257403134798e+01
-2.072114037034564049e+01
-2.059924591879670075e+01
-2.193165313178917941e+01
-2.130471103197332283e+01
-2.182783544565806721e+01
-2.074483249490651460e+01
-2.062514254068018715e+01
-2.124624315500841476e+01
-2.087997957255866055e+01
-2.162480931351945301e+01
-2.111200649415684794e+01
-2.107928382787898158e+01
-2.056446006165290896e+01
-2.070349244808493339e+01
-2.125021402853422003e+01
-2.195338936406370678e+01
-2.163894639002938547e+01
-2.052487515171529608e+01
-2.057793338120614735e+01
-2.061565358870372933e+01
-2.083665792807339656e+01
-2.054998567752476291e+01
-2.126738007365296923e+01
-2.054866997923933170e+01
-2.099974440867648795e+01
-2.087451819017972454e+01
-2.155615848294254633e+01
-2.120081967371819687e+01
-2.121376300446170404e+01
-2.059157207905551346e+01
-2.130599896219001010e+01
-2.155695702780594658e+01
-2.104194927539700188e+01
-2.280365935477646744e+01
-2.097609280547828092e+01
-2.116332848266938882e+01
-2.106064702902498098e+01
-2.098392770685080322e+01
-2.060445575370091120e+01
-2.122206805266162277e+01
-2.099656799048182165e+01
-2.157022585607525755e+01
-2.074843978032096459e+01
-2.271278504412422450e+01
-2.100366816689658478e+01
-2.096853017958276411e+01
-2.091170891353671024e+01
-2.068994885889734903e+01
-2.115375744826701165e+01
-2.130412848123082270e+01
-2.151258780534220705e+01
-2.104480065968529345e+01
-2.072704713342329796e+01
-2.063341682143055067e+01
-2.063352983894742820e+01
-2.110235960695839097e+01
-2.105848508851591561e+01
-2.115981412004421713e+01
-2.095838531571190799e+01
-2.189343557819223207e+01
-2.062265462663679116e+01
-2.100227048062390267e+01
-2.090059951113817860e+01
-2.097850887440854351e+01
-2.150305133458693163e+01
-2.066620107740901346e+01
-2.131814113097600938e+01
-2.213387701432703736e+01
-2.083547827237653038e+01
-2.087547853963927480e+01
-2.082562799087693151e+01
-2.083414964650066636e+01
-2.115320740629714180e+01
-2.056614557241800156e+01
-2.072013939961331275e+01
-2.062986618089165702e+01
-2.056685203732032363e+01
-2.184940306549863109e+01
-2.074993978798191563e+01
-2.067548521850368815e+01
-2.060028789811455141e+01
-2.062098628938517564e+01
-2.209479073054006193e+01
-2.103764850113413232e+01
-2.077767481245995640e+01
-2.151553637312174061e+01
-2.102240888126323526e+01
-2.066667053409907240e+01
-2.097977023409384500e+01
-2.102663897094006629e+01
-2.098200490384218853e+01
-2.082370200123720494e+01
-2.105728264117935566e+01
-2.080753576038681274e+01
-2.059169195107005734e+01
-2.231287863432427798e+01
-2.050778567962097299e+01
-2.083471895545408969e+01
-2.071165446157153767e+01
-2.085252950168882435e+01
-2.096617321934156664e+01
-2.085591675671226497e+01
-2.078227827484962731e+01
-2.096991702680733738e+01
-2.194621398927977296e+01
-2.093699328074408683e+01
-2.069110896030742808e+01
-2.061004518940439922e+01
-2.073829578942576646e+01
-2.087458906910575607e+01
-2.067755608288323543e+01
-2.152474295386531722e+01
-2.069276317259092579e+01
-2.159421062962142557e+01
-2.085976270830921209e+01
-2.063019155211665989e+01
-2.143893058794703776e+01
-2.162220688183026596e+01
-2.132902076045484918e+01
-2.149463373406380740e+01
-2.170930982260444964e+01
-2.130209655286562409e+01
-2.057954993071604477e+01
-2.090511630566502888e+01
-2.177572027598023752e+01
-2.228836026701110384e+01
-2.264332635732192145e+01
-2.064616900741343031e+01
-2.073803959872627800e+01
-2.068300145290181646e+01
-2.138823272052639268e+01
-2.078853936678774872e+01
-2.105101739693757779e+01
-2.171279934294605951e+01
-2.061114382607662776e+01
-2.057722699981518133e+01
-2.097512406242386973e+01
-2.245452993874543424e+01
-2.145105895518747730e+01
-2.079387043410436320e+01
-2.088513788103095692e+01
-2.142487262532490533e+01
-2.082115528212631261e+01
-2.084175088042273671e+01
-2.181190467850491288e+01
-2.111322561917651441e+01
-2.083067913503614221e+01
-2.061024549104945791e+01
-2.058247684582694603e+01
-2.172329191650922908e+01
-2.130758403016236002e+01
-2.116912649433671234e+01
-2.101115590864980476e+01
-2.141272422106396078e+01
-2.072663853551761193e+01
-2.116209072789154533e+01
-2.119433320154940503e+01
-2.166040945476095203e+01
-2.113080899335908924e+01
-2.084311553260064898e+01
-2.071251811573532464e+01
-2.136016471758458124e+01
-2.080433244130250259e+01
-2.076579117098648553e+01
-2.123806896608731876e+01
-2.063844341309188835e+01
-2.080104072720967068e+01
-2.123450361130007025e+01
-2.072147966605829694e+01
-2.155013847350598510e+01
-2.169868083854283825e+01
-2.130846931387743837e+01
-2.120001890839756697e+01
-2.079408769446081706e+01
-2.076520540509795865e+01
-2.117838237867740858e+01
-2.085512708935024051e+01
-2.109292507688780915e+01
-2.160323263601654276e+01
-2.087623013829290386e+01
-2.065895620982305658e+01
-2.112074300350911926e+01
-2.090077091932053577e+01
-2.095197273982273956e+01
-2.060407001214051093e+01
-2.088619913108011872e+01
-2.125396636102062331e+01
-2.153951908915654911e+01
-2.198451896138855233e+01
-2.141783994623427034e+01
-2.092014140820078438e+01
-2.101767334998865522e+01
-2.066906493959154290e+01
-2.065405553937828032e+01
-2.123569942488014561e+01
-2.079749745354893165e+01
-2.109966336886104088e+01
-2.181522563352093158e+01
-2.105149683403679006e+01
-2.176726080939283037e+01
-2.193319809340324866e+01
-2.108355208005658099e+01
-2.114347596077798030e+01
-2.181092170065527469e+01
-2.110600985790360440e+01
-2.095749443283321867e+01
-2.169781476651843022e+01
-2.081080933374352782e+01
-2.079497819350331511e+01
-2.074763697761553871e+01
-2.120396500569586351e+01
-2.084823546487120893e+01
-2.078420606231853895e+01
-2.110839783869968045e+01
-2.101677536431936844e+01
-2.153661987939629086e+01
-2.065660738742861824e+01
-2.084615698729831834e+01
-2.107091182248236549e+01
-2.120104231147223928e+01
-2.163458801130127895e+01
-2.150766012836533392e+01
-2.192378681677526231e+01
-2.081204896866976739e+01
-2.214212556423238354e+01
-2.069097172599394341e+01
-2.105371674127270509e+01
-2.103656279455143263e+01
-2.097629771362956319e+01
-2.168339201700882768e+01
-2.070480200677246430e+01
-2.172386560342088657e+01
-2.196632915948389808e+01
-2.242989472889057012e+01
-2.151131393270980752e+01
-2.163840412099391131e+01
-2.061634611238297410e+01
-2.118654149418513555e+01
-2.175961323644333945e+01
-2.086453757330171754e+01
-2.167341319951433931e+01
-2.107681373966076066e+01
-2.160732332657341104e+01
-2.171340994985452610e+01
-2.108574878936441266e+01
-2.076361388371383399e+01
-2.113120479322802581e+01
-2.114232824947487543e+01
-2.146735077657325874e+01
-2.117401714079256081e+01
-2.087952191813124259e+01
-2.060413010732580474e+01
-2.087915591319423925e+01
-2.067766856455517299e+01
-2.138633127055347316e+01
-2.197970970527447676e+01
-2.177358628955957087e+01
-2.159770857462951454e+01
-2.066938389089571970e+01
-2.082996841649634590e+01
-2.095991454843159829e+01
-2.074879134332186226e+01
-2.101799037483188926e+01
-2.151988369661701839e+01
-2.075904531635328354e+01
-2.123633509415037679e+01
-2.148812465129241644e+01
-2.065294682159716189e+01
-2.091812794679526988e+01
-2.131308175825610007e+01
-2.105791937864931995e+01
-2.111138688744904357e+01
-2.084922995770200771e+01
-2.140306387084211082e+01
-2.076235862764513485e+01
-2.127302399142473277e+01
-2.120821263074981999e+01
-2.142086696537657531e+01
-2.073182594231169773e+01
-2.075615780103839825e+01
-2.082160286774579916e+01
-2.161837828277026574e+01
-2.103854166734858566e+01
-2.106772132613959769e+01
-2.231892921319306922e+01
-2.102876808618302462e+01
-2.136555050920576448e+01
-2.109024883980914566e+01
-2.107755590579288096e+01
-2.107196036202578426e+01
-2.100462073874697211e+01
-2.126723979024698963e+01
-2.154021819241578939e+01
-2.104063345714926569e+01
-2.161123359550557055e+01
-2.113221844694117735e+01
-2.149691725097417461e+01
-2.145133154654127949e+01
-2.082898478648275642e+01
-2.081341676622508885e+01
-2.076637486789869413e+01
-2.083790590003144771e+01
-2.197642169775151189e+01
-2.156668172906936221e+01
-2.081546902546336142e+01
-2.106752441743668314e+01
-2.125418481800296888e+01
-2.122227537593063929e+01
-2.120052528727534025e+01
-2.139555921295817242e+01
-2.085332475739059177e+01
-2.097177171312407395e+01
-2.118698267255586742e+01
-2.088441654887717291e+01
-2.128420914271609377e+01
-2.081001779430406629e+01
-2.118727526995633781e+01
-2.197407473606872585e+01
-2.078402052806402267e+01
-2.085849715786500624e+01
-2.072363711139090370e+01
-2.130777999509635379e+01
-2.137884740223114477e+01
-2.159681626195825999e+01
-2.127674842650893794e+01
-2.101807211999623348e+01
-2.092294100384042466e+01
-2.080683006933228896e+01
-2.100224628980341635e+01
-2.169098927830105694e+01
-2.151964554923157280e+01
-2.089500494680764930e+01
-2.183945646298904464e+01
-2.137049598033518549e+01
-2.153861548449485852e+01
-2.099878912440742695e+01
-2.170885973877683739e+01
-2.248507635961874840e+01
-2.067919710370330222e+01
-2.077916633882266595e+01
-2.254906745862288986e+01
-2.176492677417915900e+01
-2.120535776303865561e+01
-2.076752914050187826e+01
-2.093369569221112769e+01
-2.243448491873092010e+01
-2.083724334920402299e+01
-2.133786840857126776e+01
-2.127772081322122588e+01
-2.131588920109413365e+01
-2.072696275504558727e+01
-2.158099406290648403e+01
-2.166241919500440005e+01
-2.068277820905018061e+01
-2.142134028762589182e+01
-2.141425756870110320e+01
-2.079314267664329208e+01
-2.156834462436810895e+01
-2.119842037098739240e+01
-2.116132518444528188e+01
-2.084874998424350068e+01
-2.114524076756109139e+01
-2.153032710621143409e+01
-2.108445884741506049e+01
-2.095394589669146512e+01
-2.090687402343315782e+01
-2.137075276514780953e+01
-2.225286338039333955e+01
-2.114674237617091634e+01
-2.071325624711724700e+01
-2.091256315338614513e+01
-2.186475372046998444e+01
-2.105312440733194990e+01
-2.155591638841099567e+01
-2.139320537179570536e+01
-2.078551525593351457e+01
-2.100393853290693613e+01
-2.173781817323076027e+01
-2.077577961744366064e+01
-2.087842052346788080e+01
-2.085112639946037660e+01
-2.121919020704582337e+01
-2.127481439245050510e+01
-2.106935449352125644e+01
-2.095834439920080072e+01
-2.155519872900063305e+01
-2.105214184971496749e+01
-2.095480710872222474e+01
-2.122741373971513923e+01
-2.089185415520801214e+01
-2.117182343358987140e+01
-2.130863665517104621e+01
-2.172570007221312238e+01
-2.101713281928184784e+01
-2.101547474456284093e+01
-2.120439148686538289e+01
-2.108740271666010102e+01
-2.134802001534496796e+01
-2.073500455936654774e+01
-2.095860565599074832e+01
-2.138638005282073706e+01
-2.092381996670197353e+01
-2.087501507111216270e+01
-2.103068856438164147e+01
-2.147742581828201125e+01
-2.141976858293190844e+01
-2.133456069311086978e+01
-2.160708086272249417e+01
-2.151940376613497108e+01
-2.158682623090515662e+01
-2.076756572292570624e+01
-2.076660763903164764e+01
-2.212784373231228940e+01
-2.155157346784223549e+01
-2.097387346100803285e+01
-2.076562931050819572e+01
-2.152994957988897085e+01
-2.202703080340574715e+01
-2.073257005874642545e+01
-2.177809347654870820e+01
-2.080700442716912235e+01
-2.148909317000578412e+01
-2.196704086799482880e+01
-2.109431147412719554e+01
-2.117049073720167129e+01
-2.157770631012132156e+01
-2.086790513017773918e+01
-2.110194532378861609e+01
-2.086107710039919283e+01
-2.107927405040492985e+01
-2.084407718123652131e+01
-2.128111241131606590e+01
-2.167852464303239302e+01
-2.075647545142529182e+01
-2.106150858250097002e+01
-2.105608853749735232e+01
-2.183700237527886756e+01
-2.089824561414395276e+01
-2.244264678743411778e+01
-2.137737452972112351e+01
-2.094351690959563328e+01
-2.079592509208415763e+01
-2.086473132870615999e+01
-2.173217931371835476e+01
-2.202343535560465781e+01
-2.233348585532541364e+01
-2.106751885957005754e+01
-2.172474016898128113e+01
-2.118331111762841701e+01
-2.104945621526447752e+01
-2.129409729380197192e+01
-2.087516945664844670e+01
-2.148711524303435638e+01
-2.080470571406618419e+01
-2.098987305053680075e+01
-2.200134150565670410e+01
-2.128067528722114332e+01
-2.107832587645381039e+01
-2.207709350231190015e+01
-2.122479425621304472e+01
-2.119255997193373631e+01
-2.113934715455279090e+01
-2.197192781804922035e+01
-2.140368102150047491e+01
-2.118868894591247454e+01
-2.099589110639931633e+01
-2.151738874194251849e+01
-2.132703854739731497e+01
-2.089525937916177156e+01
-2.067465421724374153e+01
-2.166824616436855067e+01
-2.127609219905937366e+01
-2.179214280944908211e+01
-2.115004676505857617e+01
-2.084099698098748021e+01
-2.145453529839395657e+01
-2.145412007907585306e+01
-2.123848966788158066e+01
-2.131863519797929030e+01
-2.095625356935827099e+01
-2.119058371402859109e+01
-2.087279683982961842e+01
-2.082897403978017081e+01
-2.089884385354235619e+01
-2.177142968644535159e+01
-2.188497269781002430e+01
-2.078982890877531275e+01
-2.155330946291068983e+01
-2.134038592281967084e+01
-2.078433000542952058e+01
-2.081592962323404805e+01
-2.079986814999988809e+01
-2.074989234457817844e+01
-2.110253614363740837e+01
-2.149545233885685391e+01
-2.119434498736394445e+01
-2.126998105708155151e+01
-2.142016919870268410e+01
-2.114213908264550668e+01
-2.195923734771848501e+01
-2.067163823997777783e+01
-2.105757491732098075e+01
-2.189188771397740041e+01
-2.074074614086854496e+01
-2.110892805790674842e+01
-2.162254202253938828e+01
-2.097083423276067649e+01
-2.092678794406162623e+01
-2.086248237877486744e+01
-2.094118963952483270e+01
-2.196537125773388865e+01
-2.068828527214881063e+01
-2.173432433916464390e+01
-2.146112962854896722e+01
-2.186803925557016726e+01
-2.106216319891915134e+01
-2.114254419257757434e+01
-2.086407225733968929e+01
-2.100755891234718931e+01
-2.222383174194959565e+01
-2.200142554884874357e+01
-2.141566499944134350e+01
-2.127059843664925509e+01
-2.125693401338841326e+01
-2.076803737396533833e+01
-2.124036721231436431e+01
-2.148225051864994839e+01
-2.091095087220410420e+01
-2.106282305503557950e+01
-2.104676385414516560e+01
-2.142061843088539419e+01
-2.165959462520283907e+01
-2.123037555216313876e+01
-2.096717468759727510e+01
-2.140470958917309474e+01
-2.222014264691174290e+01
-2.073737092215567301e+01
-2.169587973348738785e+01
-2.143093029827393892e+01
-2.118915956922312560e+01
-2.148036908006096013e+01
-2.127442585760698535e+01
-2.162870652179636011e+01
-2.134126253589057853e+01
-2.111879121363634226e+01
-2.125001241264190455e+01
-2.222022081803556404e+01
-2.134280498806517912e+01
-2.161066865045890850e+01
-2.160187360300955817e+01
-2.077237270887602349e+01
-2.104240050417822161e+01
-2.152170796961066657e+01
-2.111577690161673715e+01
-2.104332079801779187e+01
-2.110733610042323249e+01
-2.142489408707188758e+01
-2.141611512932565020e+01
-2.107759289422671856e+01
-2.099814795912412890e+01
-2.174901089879104532e+01
-2.238954066676783228e+01
-2.129273142191048862e+01
-2.198326798407251204e+01
-2.099043931426455600e+01
-2.173574746120389634e+01
-2.267362973356587474e+01
-2.132776139992812503e+01
-2.164334382032475190e+01
-2.116748171558782943e+01
-2.205517691357209742e+01
-2.079050025116784539e+01
-2.080454345194265287e+01
-2.084200104094239236e+01
-2.184924047894301680e+01
-2.100644930968196888e+01
-2.149252531237094033e+01
-2.149105140627392174e+01
-2.096663765198123386e+01
-2.196111280778424302e+01
-2.180677595741031638e+01
-2.161482176540480893e+01
-2.136677882908096393e+01
-2.094532911311550194e+01
-2.113461733162941769e+01
-2.092420022496560250e+01
-2.121354529126837463e+01
-2.090172972130197948e+01
-2.130203443603304336e+01
-2.144613913158108431e+01
-2.130744657527036168e+01
-2.163062790727157747e+01
-2.095362642734018976e+01
-2.116738930865675528e+01
-2.139491051646187358e+01
-2.180433090716035593e+01
-2.112217973263361159e+01
-2.175963563050711969e+01
-2.097164049733937219e+01
-2.142118851098269161e+01
-2.109071744810043114e+01
-2.128184770118939539e+01
-2.237274542029602031e+01
-2.205804295738986909e+01
-2.181149137571366126e+01
-2.094159136260104859e+01
-2.104348579273606745e+01
-2.087966565357232440e+01
-2.121085529093178224e+01
-2.220043719567078000e+01
-2.097622916762889034e+01
-2.153140359689682626e+01
-2.238474360323559154e+01
-2.139805253107197203e+01
-2.126183176999958846e+01
-2.081674260013133448e+01
-2.173117329545797816e+01
-2.126391014336689622e+01
-2.169783888842537323e+01
-2.143065458424292657e+01
-2.301594941173200581e+01
-2.101943856914631326e+01
-2.070849437531952830e+01
-2.119417465466366224e+01
-2.105647640066423421e+01
-2.088692615543182640e+01
-2.125824816303046916e+01
-2.157405566688798260e+01
-2.226026911724230573e+01
-2.121268615774677713e+01
-2.187282388496423025e+01
-2.238960729952401607e+01
-2.131204747535456789e+01
-2.207010022194611309e+01
-2.177418797610726031e+01
-2.164587420685669272e+01
-2.085099355379107422e+01
-2.089091139658939866e+01
-2.146935091726769329e+01
-2.154130969721769517e+01
-2.137571052921808956e+01
-2.139763258322878414e+01
-2.161744460533171619e+01
-2.115288726533371033e+01
-2.087649020724965609e+01
-2.088841099156256931e+01
-2.143527804623340671e+01
-2.090831612863852484e+01
-2.120093411148020834e+01
-2.133017442939569364e+01
-2.123127225546596719e+01
-2.093915033542396742e+01
-2.134678747618320926e+01
-2.136707290799201431e+01
-2.081886001812047837e+01
-2.094393234022034989e+01
-2.196202627358799120e+01
-2.113228055458165855e+01
-2.212317986191209229e+01
-2.125035339071198237e+01
-2.126135733301973474e+01
-2.214255343293092437e+01
-2.136695056809708149e+01
-2.161097145592963642e+01
-2.101615400737694372e+01
-2.124101764770192347e+01
-2.212672270230780214e+01
-2.180737540116447803e+01
-2.141289833561020828e+01
-2.225618138220142228e+01
-2.156067431361236686e+01
-2.137986059206194867e+01
-2.090489557132007192e+01
-2.088025488041322930e+01
-2.096787638995314396e+01
-2.091625569759200332e+01
-2.171548522432991746e+01
-2.126054196762465764e+01
-2.172113953715659562e+01
-2.192058561733087174e+01
-2.109015792848437698e+01
-2.211660110368741528e+01
-2.141304462763598337e+01
-2.096020199523526983e+01
-2.106247236701515391e+01
-2.204867764766240157e+01
-2.104404711521167570e+01
-2.121535311281321157e+01
-2.162227441647959836e+01
-2.127677323891569117e+01
-2.238891890160850195e+01
-2.143147634890357267e+01
-2.124611513116602168e+01
-2.102375374925007989e+01
-2.082843810243414495e+01
-2.094439295191002159e+01
-2.090875187092547804e+01
-2.230898415764793796e+01
-2.097106595517172067e+01
-2.145927094364691712e+01
-2.115538174242768577e+01
-2.147757717198351202e+01
-2.134991539980491382e+01
-2.153744481751586903e+01
-2.158628843478656023e+01
-2.121470839524728902e+01
-2.235371630916765540e+01
-2.086311238906255383e+01
-2.104884811131221056e+01
-2.187665691385645772e+01
-2.136439824225516304e+01
-2.116863059708635220e+01
-2.143993676282573801e+01
-2.103506944466025175e+01
-2.119730633827024135e+01
-2.104677040722560477e+01
-2.187586910727382872e+01
-2.129190483273201906e+01
-2.123347409421252152e+01
-2.094855891768373013e+01
-2.111505710799408675e+01
-2.211535984000906296e+01
-2.113181666660095104e+01
-2.131584978557229704e+01
-2.150642793574614942e+01
-2.170718474983138435e+01
-2.125895762493447094e+01
-2.140962119950883036e+01
-2.105312289241195245e+01
-2.140115658536640453e+01
-2.132526989556000530e+01
-2.113569730830435489e+01
-2.144339009577140942e+01
-2.108148973981413477e+01
-2.097328560057128399e+01
-2.152261259771837487e+01
-2.187814222230073113e+01
-2.126110353660303431e+01
-2.119696705530975223e+01
-2.156923746965745892e+01
-2.109308734469805557e+01
-2.128747419686180109e+01
-2.102869234565333656e+01
-2.117466116372836993e+01
-2.085987072176252255e+01
-2.121490190477655702e+01
-2.111095526173572523e+01
-2.151913575304439874e+01
-2.093663933248953768e+01
-2.120596581671387071e+01
-2.247978149599966713e+01
-2.179970786533566951e+01
-2.119143509628167266e+01
-2.089450306300723526e+01
-2.146289509724930511e+01
-2.163403834652646296e+01
-2.172268939949784539e+01
-2.114565244405489253e+01
-2.154783180698833078e+01
-2.152347328654936831e+01
-2.133750043692613829e+01
-2.136827423580895413e+01
-2.132797704200244482e+01
-2.178082573037324821e+01
-2.133910847800013855e+01
-2.091796077273294330e+01
-2.149730540390930855e+01
-2.123995971691453377e+01
-2.181291911143308937e+01
-2.142680375404048121e+01
-2.103743350626243469e+01
-2.118790722699148432e+01
-2.119762508790561739e+01
-2.100202493169573259e+01
-2.172390647006080755e+01
-2.120545703328062004e+01
-2.133770572308720048e+01
-2.175673696434326487e+01
-2.118104821996851328e+01
-2.157699709508271368e+01
-2.153374805449093898e+01
-2.125045840938717490e+01
-2.101345659865361171e+01
-2.120896178181045499e+01
-2.134333016129156491e+01
-2.233215834581797310e+01
-2.109367396657263427e+01
-2.103067167946770510e+01
-2.162469224636526377e+01
-2.135849097927833640e+01
-2.155502987149735361e+01
-2.131057513838277728e+01
-2.217601787917623923e+01
-2.118020424437935390e+01
-2.108496364941469281e+01
-2.095462350745707880e+01
-2.122417911552562941e+01
-2.185770820605725007e+01
-2.199909141278712710e+01
-2.198951387199275587e+01
-2.104228106642951346e+01
-2.116795089578704747e+01
-2.238389444565023467e+01
-2.148229142362709254e+01
-2.155976153821230668e+01
-2.107027410916453292e+01
-2.207912467320608130e+01
-2.155703810331339909e+01
-2.157114906266163956e+01
-2.218653578854436503e+01
-2.124631467441566457e+01
-2.104090239236538196e+01
-2.152074845492192878e+01
-2.094226606097676324e+01
-2.156962953751979484e+01
-2.172360899173832038e+01
-2.224292655715664679e+01
-2.127236680153610138e+01
-2.153781687161447067e+01
-2.195896899923677381e+01
-2.134571389508436923e+01
-2.141085823009606770e+01
-2.104878972953195415e+01
-2.295893340869200827e+01
-2.159451750309440499e+01
-2.222729438574015148e+01
-2.268573563502516421e+01
-2.204278370329748782e+01
-2.140619052446903225e+01
-2.145304003383853697e+01
-2.150892591003285759e+01
-2.130265240572878582e+01
-2.160497535777393097e+01
-2.107811837186321569e+01
-2.167337128153212689e+01
-2.104835823221285196e+01
-2.178356206241946325e+01
-2.115839922043233301e+01
-2.168854531996188584e+01
-2.167360187894433921e+01
-2.203238110276753048e+01
-2.129399476269960090e+01
-2.121627017283880789e+01
-2.108262465222002646e+01
-2.143737305878350696e+01
-2.119958209228970603e+01
-2.153977130476384616e+01
-2.125561477501739560e+01
-2.217375480156353973e+01
-2.109159937067417445e+01
-2.143070676697087507e+01
-2.117290164797174512e+01
-2.145023777101805251e+01
-2.119344638836662398e+01
-2.128212118563098443e+01
-2.113548675232124552e+01
-2.112775992890208698e+01
-2.177643153932003628e+01
-2.177312766465032112e+01
-2.115978926467618493e+01
-2.131687148953598765e+01
-2.170216449052536234e+01
-2.175895674053958118e+01
-2.145366837101137136e+01
-2.122748510117420651e+01
-2.140892701236275641e+01
-2.110895515564870095e+01
-2.203031152047765673e+01
-2.139752665417854516e+01
-2.143242766309611369e+01
-2.122054190104111626e+01
-2.170777022745956231e+01
-2.193579939866276263e+01
-2.167970359177778761e+01
-2.187567981384763982e+01
-2.133764226481950388e+01
-2.120894831200982367e+01
-2.147066454759752929e+01
-2.128160616266646699e+01
-2.118392306086953880e+01
-2.146635055706182271e+01
-2.084727907311667749e+01
-2.172441918888709012e+01
-2.160404788015286570e+01
-2.124087149408570951e+01
-2.144998049116493632e+01
-2.166786213399317873e+01
-2.195576532956674853e+01
-2.218411813895626494e+01
-2.176822453182608186e+01
-2.219109398442718017e+01
-2.144787316523330034e+01
-2.115704287150900598e+01
-2.137296539816690455e+01
-2.132498719041151602e+01
-2.142134992350582579e+01
-2.177998187316120493e+01
-2.125299855108271174e+01
-2.131860890059956759e+01
-2.119160798594260342e+01
-2.107060870304551869e+01
-2.137297612239782296e+01
-2.161728665096332236e+01
-2.160834549219551448e+01
-2.112756461681133402e+01
-2.146242840153741582e+01
-2.162097307524799561e+01
-2.173777331299055149e+01
-2.134261377717864505e+01
-2.136819895848480400e+01
-2.143116850403286122e+01
-2.111875527555814713e+01
-2.153742644861874211e+01
-2.134988046677598206e+01
-2.213769989606163691e+01
-2.188480789671979920e+01
-2.199159211309209638e+01
-2.172726797549172773e+01
-2.177479513104095687e+01
-2.113289245348461520e+01
-2.120213525932359744e+01
-2.117561307705442530e+01
-2.120104604458502706e+01
-2.206291550681391200e+01
-2.119614295405489557e+01
-2.145743470428233124e+01
-2.131671805858788105e+01
-2.183610822185349321e+01
-2.118269540446639709e+01
-2.224665087728898882e+01
-2.131991356951165173e+01
-2.125442091043591120e+01
-2.143170470128162464e+01
-2.177428253263586910e+01
-2.138625583985311351e+01
-2.155886957960333206e+01
-2.121986480205193004e+01
-2.154611629811649109e+01
-2.143008606894631285e+01
-2.121129077147397624e+01
