# 0.8 0.2 18 0.5 2193009.62688
-2.375000000000000000e+01 nan 0.000000000000000000e+00 0.000000000000000000e+00 nan 0.000000000000000000e+00 0.000000000000000000e+00 0.000000000000000000e+00
-2.325000000000000000e+01 -2.302635056163703808e+01 1.088184917544269533e-06 1.088184917544269533e-06 4.342944819032518167e-01 1.000000000000000000e+00 2.193009626879814547e+06 1.193200000000000038e+00
-2.275000000000000000e+01 -2.275423089204933547e+01 9.885866315528097481e-06 3.295446897747664976e-06 1.447717739060430664e-01 9.000000000000000000e+00 2.193009626879814547e+06 1.204433333333333245e+00
-2.225000000000000000e+01 -2.219612865205177599e+01 2.887949018724071521e-05 5.663924493549986020e-06 8.517501997151601112e-02 2.600000000000000000e+01 2.193009626879813150e+06 1.217942307692307713e+00
-2.175000000000000000e+01 -2.170639627737786270e+01 1.421038905530887426e-04 1.261184582241708716e-05 3.854401892848997174e-02 1.270000000000000000e+02 2.193009626879811753e+06 1.226910236220471351e+00
-2.125000000000000000e+01 -2.121690446632749172e+01 3.489500309187956251e-04 2.005790839927593404e-05 2.496357118350155807e-02 3.030000000000000000e+02 2.192897042208281811e+06 1.262735643564363297e+00
-2.075000000000000000e+01 -2.072910364666162764e+01 6.715900341895144048e-04 2.856273958975347272e-05 1.847055429707143009e-02 5.560000000000000000e+02 2.192474332921632100e+06 1.324052158273382407e+00
-2.025000000000000000e+01 -2.025192113233180891e+01 1.067952069610056702e-03 3.912567797654442132e-05 1.591088825937775689e-02 7.600000000000000000e+02 2.047693827466389630e+06 1.427985263157915519e+00
-1.975000000000000000e+01 -1.976127638554909183e+01 9.273830731945681850e-04 4.434879128640793489e-05 2.076858624173429785e-02 4.520000000000000000e+02 1.416633488971404731e+06 1.423525000000010365e+00
-1.925000000000000000e+01 -1.926243919556145556e+01 9.296187254317916796e-04 5.590790695649346012e-05 2.611876764281793536e-02 2.870000000000000000e+02 8.796676338461155538e+05 1.388452264808363701e+00
-1.875000000000000000e+01 -1.876930055924919216e+01 9.394960621762260327e-04 7.501982440130077325e-05 3.467890615248211961e-02 1.650000000000000000e+02 5.202636342817189870e+05 1.427963636363633881e+00
-1.825000000000000000e+01 -1.848680620781737005e+01 4.713468914633780072e-05 1.954597066375486869e-05 1.800946894198648118e-01 6.000000000000000000e+00 3.836874699476385140e+05 1.480616666666666914e+00
-1.775000000000000000e+01 nan 0.000000000000000000e+00 0.000000000000000000e+00 nan 0.000000000000000000e+00 0.000000000000000000e+00 0.000000000000000000e+00
-1.725000000000000000e+01 nan 0.000000000000000000e+00 0.000000000000000000e+00 nan 0.000000000000000000e+00 0.000000000000000000e+00 0.000000000000000000e+00
-1.675000000000000000e+01 nan 0.000000000000000000e+00 0.000000000000000000e+00 nan 0.000000000000000000e+00 0.000000000000000000e+00 0.000000000000000000e+00
-1.625000000000000000e+01 nan 0.000000000000000000e+00 0.000000000000000000e+00 nan 0.000000000000000000e+00 0.000000000000000000e+00 0.000000000000000000e+00
-1.575000000000000000e+01 nan 0.000000000000000000e+00 0.000000000000000000e+00 nan 0.000000000000000000e+00 0.000000000000000000e+00 0.000000000000000000e+00
-1.525000000000000000e+01 nan 0.000000000000000000e+00 0.000000000000000000e+00 nan 0.000000000000000000e+00 0.000000000000000000e+00 0.000000000000000000e+00
