# 1.0 0.8 18 0.5 1495571.99783
-2.375000000000000000e+01 nan 0.000000000000000000e+00 0.000000000000000000e+00 nan 0.000000000000000000e+00 0.000000000000000000e+00 0.000000000000000000e+00
-2.325000000000000000e+01 -2.301594941173200581e+01 1.635230451863396201e-06 1.635230451863396413e-06 4.342944819032518167e-01 1.000000000000000000e+00 1.495571997828479856e+06 1.222802436901653689e+00
-2.275000000000000000e+01 -2.271816242744693781e+01 1.146736404204201061e-05 4.334261529157656385e-06 1.641480865469696904e-01 7.000000000000000000e+00 1.495571997828479856e+06 1.225019182155945741e+00
-2.225000000000000000e+01 -2.221294419792546293e+01 1.185591001230501919e-04 1.417579110743023165e-05 5.192741719682805734e-02 7.000000000000000000e+01 1.495571997828482417e+06 1.266526215941262912e+00
-2.175000000000000000e+01 -2.169629944662609944e+01 4.062241688240908889e-04 2.693346133407240211e-05 2.879457829848491163e-02 2.280000000000000000e+02 1.495571997828483116e+06 1.332319060821180789e+00
-2.125000000000000000e+01 -2.122824565096950167e+01 9.899953620425684751e-04 4.557133707676733778e-05 1.999138681272136925e-02 4.790000000000000000e+02 1.438424335508634569e+06 1.476473634856140915e+00
-2.075000000000000000e+01 -2.079017493846536269e+01 1.647989171125060397e-03 9.012953360900912867e-05 2.375183028428766788e-02 3.870000000000000000e+02 8.290089196858862415e+05 1.571093959363868642e+00
-2.025000000000000000e+01 -2.042193306083513349e+01 5.422750751754637760e-04 2.834537432691267727e-04 2.270109806112157458e-01 1.300000000000000000e+01 1.946487106960373640e+05 1.577672891442643222e+00
-1.975000000000000000e+01 nan 0.000000000000000000e+00 0.000000000000000000e+00 nan 0.000000000000000000e+00 0.000000000000000000e+00 0.000000000000000000e+00
-1.925000000000000000e+01 nan 0.000000000000000000e+00 0.000000000000000000e+00 nan 0.000000000000000000e+00 0.000000000000000000e+00 0.000000000000000000e+00
-1.875000000000000000e+01 nan 0.000000000000000000e+00 0.000000000000000000e+00 nan 0.000000000000000000e+00 0.000000000000000000e+00 0.000000000000000000e+00
-1.825000000000000000e+01 nan 0.000000000000000000e+00 0.000000000000000000e+00 nan 0.000000000000000000e+00 0.000000000000000000e+00 0.000000000000000000e+00
-1.775000000000000000e+01 nan 0.000000000000000000e+00 0.000000000000000000e+00 nan 0.000000000000000000e+00 0.000000000000000000e+00 0.000000000000000000e+00
-1.725000000000000000e+01 nan 0.000000000000000000e+00 0.000000000000000000e+00 nan 0.000000000000000000e+00 0.000000000000000000e+00 0.000000000000000000e+00
-1.675000000000000000e+01 nan 0.000000000000000000e+00 0.000000000000000000e+00 nan 0.000000000000000000e+00 0.000000000000000000e+00 0.000000000000000000e+00
-1.625000000000000000e+01 nan 0.000000000000000000e+00 0.000000000000000000e+00 nan 0.000000000000000000e+00 0.000000000000000000e+00 0.000000000000000000e+00
-1.575000000000000000e+01 nan 0.000000000000000000e+00 0.000000000000000000e+00 nan 0.000000000000000000e+00 0.000000000000000000e+00 0.000000000000000000e+00
-1.525000000000000000e+01 nan 0.000000000000000000e+00 0.000000000000000000e+00 nan 0.000000000000000000e+00 0.000000000000000000e+00 0.000000000000000000e+00
