# 0.4 0.2 18 0.5 331360.199758
-2.375000000000000000e+01 nan 0.000000000000000000e+00 0.000000000000000000e+00 nan 0.000000000000000000e+00 0.000000000000000000e+00 0.000000000000000000e+00
-2.325000000000000000e+01 nan 0.000000000000000000e+00 0.000000000000000000e+00 nan 0.000000000000000000e+00 0.000000000000000000e+00 0.000000000000000000e+00
-2.275000000000000000e+01 -2.285369637950832100e+01 7.162651770653648767e-06 7.162651770653648767e-06 4.342944819032518167e-01 1.000000000000000000e+00 3.313601997577489819e+05 1.186708860759493778e+00
-2.225000000000000000e+01 nan 0.000000000000000000e+00 0.000000000000000000e+00 nan 0.000000000000000000e+00 0.000000000000000000e+00 0.000000000000000000e+00
-2.175000000000000000e+01 -2.171168108396865648e+01 3.623074766534826335e-05 1.620406243389603464e-05 1.942365353444653608e-01 5.000000000000000000e+00 3.313601997577489819e+05 1.200542778376239905e+00
-2.125000000000000000e+01 -2.117705390231301976e+01 1.373136567039720361e-04 3.150278418889907632e-05 9.963674164852472093e-02 1.900000000000000000e+01 3.313601997577490984e+05 1.197375808286714305e+00
-2.075000000000000000e+01 -2.070648819311778510e+01 3.569646167651473970e-04 5.099727857641715592e-05 6.204490763966193784e-02 4.900000000000000000e+01 3.313601997577491566e+05 1.206978231813750524e+00
-2.025000000000000000e+01 -2.022281040377717787e+01 6.095250351708910233e-04 6.690724919635970239e-05 4.767228161048057966e-02 8.300000000000000000e+01 3.313601997577484581e+05 1.216700827780575533e+00
-1.975000000000000000e+01 -1.976229674136635595e+01 7.152805181504293510e-04 7.301861557052121701e-05 4.433446880461942158e-02 9.600000000000000000e+01 3.313601997577483417e+05 1.234455705089337441e+00
-1.925000000000000000e+01 -1.924357093490315407e+01 1.067717320425883021e-03 9.093986697638542234e-05 3.698983022688683009e-02 1.380000000000000000e+02 3.313601997577480506e+05 1.281880523844671549e+00
-1.875000000000000000e+01 -1.875207126819790204e+01 9.370014192053152322e-04 8.809275289644655899e-05 4.083045734449450292e-02 1.140000000000000000e+02 3.311970411013122066e+05 1.360975144513058233e+00
-1.825000000000000000e+01 nan 0.000000000000000000e+00 0.000000000000000000e+00 nan 0.000000000000000000e+00 0.000000000000000000e+00 0.000000000000000000e+00
-1.775000000000000000e+01 nan 0.000000000000000000e+00 0.000000000000000000e+00 nan 0.000000000000000000e+00 0.000000000000000000e+00 0.000000000000000000e+00
-1.725000000000000000e+01 nan 0.000000000000000000e+00 0.000000000000000000e+00 nan 0.000000000000000000e+00 0.000000000000000000e+00 0.000000000000000000e+00
-1.675000000000000000e+01 nan 0.000000000000000000e+00 0.000000000000000000e+00 nan 0.000000000000000000e+00 0.000000000000000000e+00 0.000000000000000000e+00
-1.625000000000000000e+01 nan 0.000000000000000000e+00 0.000000000000000000e+00 nan 0.000000000000000000e+00 0.000000000000000000e+00 0.000000000000000000e+00
-1.575000000000000000e+01 nan 0.000000000000000000e+00 0.000000000000000000e+00 nan 0.000000000000000000e+00 0.000000000000000000e+00 0.000000000000000000e+00
-1.525000000000000000e+01 nan 0.000000000000000000e+00 0.000000000000000000e+00 nan 0.000000000000000000e+00 0.000000000000000000e+00 0.000000000000000000e+00
