# 0.2 0.01 10 0.9 56576.8455887
-2.355000000000000071e+01 nan 0.000000000000000000e+00 0.000000000000000000e+00 nan 0.000000000000000000e+00 0.000000000000000000e+00 0.000000000000000000e+00
-2.265000000000000213e+01 nan 0.000000000000000000e+00 0.000000000000000000e+00 nan 0.000000000000000000e+00 0.000000000000000000e+00 0.000000000000000000e+00
-2.175000000000000355e+01 -2.156326801548058825e+01 2.177830386268795186e-05 2.177830386268794847e-05 4.342944819032517056e-01 1.000000000000000000e+00 5.390705356460289477e+04 1.056603773584905648e+00
-2.085000000000000497e+01 -2.091252908219505002e+01 1.619247253881165747e-04 1.188237897642068153e-04 3.186944803502769763e-01 3.000000000000000000e+00 5.589966000298282597e+04 2.721125175808719820e+00
-1.995000000000000639e+01 -2.006121622671446048e+01 1.630424369336051164e-04 6.169940796949746544e-05 1.643480858223564101e-01 7.000000000000000000e+00 5.622496397886038903e+04 1.178592017325668539e+00
-1.905000000000000782e+01 -1.905639153350983150e+01 3.315727433521941194e-04 8.862358727015337339e-05 1.160793089588079696e-01 1.400000000000000000e+01 5.649717140106579609e+04 1.204263609628569043e+00
-1.815000000000000924e+01 nan 0.000000000000000000e+00 0.000000000000000000e+00 nan 0.000000000000000000e+00 0.000000000000000000e+00 0.000000000000000000e+00
-1.725000000000001066e+01 nan 0.000000000000000000e+00 0.000000000000000000e+00 nan 0.000000000000000000e+00 0.000000000000000000e+00 0.000000000000000000e+00
-1.635000000000001208e+01 nan 0.000000000000000000e+00 0.000000000000000000e+00 nan 0.000000000000000000e+00 0.000000000000000000e+00 0.000000000000000000e+00
-1.545000000000000995e+01 nan 0.000000000000000000e+00 0.000000000000000000e+00 nan 0.000000000000000000e+00 0.000000000000000000e+00 0.000000000000000000e+00
