# 1.0 0.8 18 0.5 1495571.99783
-2.375000000000000000e+01 nan 0.000000000000000000e+00 0.000000000000000000e+00 nan 0.000000000000000000e+00 0.000000000000000000e+00 0.000000000000000000e+00
-2.325000000000000000e+01 -2.301594941173200581e+01 1.635230451863396201e-06 1.635230451863396413e-06 4.342944819032518167e-01 1.000000000000000000e+00 1.495571997828479856e+06 1.222802436901653689e+00
-2.275000000000000000e+01 -2.271816242744693781e+01 1.146736404204201061e-05 4.334261529157656385e-06 1.641480865469696904e-01 7.000000000000000000e+00 1.495571997828479856e+06 1.225019182155945741e+00
-2.225000000000000000e+01 -2.221424513033145587e+01 1.168445725713886660e-04 1.407172515351588326e-05 5.230257983354190399e-02 6.900000000000000000e+01 1.495571997828482185e+06 1.266300513304394082e+00
-2.175000000000000000e+01 -2.169724233412302183e+01 3.920792535607705632e-04 2.646483945752508817e-05 2.931431244187763727e-02 2.200000000000000000e+02 1.495571997828483116e+06 1.332688073988591571e+00
-2.125000000000000000e+01 -2.122852447914740637e+01 9.544813659596017861e-04 4.473385336900783689e-05 2.035415919607545809e-02 4.620000000000000000e+02 1.440026736531765899e+06 1.477759783255035764e+00
-2.075000000000000000e+01 -2.079250249738571554e+01 1.542998822303835553e-03 8.691580537477207129e-05 2.446343711920711053e-02 3.650000000000000000e+02 8.341229505987353623e+05 1.570697420991999715e+00
-2.025000000000000000e+01 -2.040650843605711984e+01 5.089815890223083972e-04 2.827949292901780695e-04 2.412980743308608123e-01 1.000000000000000000e+01 1.668828482541022240e+05 1.577672891442643444e+00
-1.975000000000000000e+01 nan 0.000000000000000000e+00 0.000000000000000000e+00 nan 0.000000000000000000e+00 0.000000000000000000e+00 0.000000000000000000e+00
-1.925000000000000000e+01 nan 0.000000000000000000e+00 0.000000000000000000e+00 nan 0.000000000000000000e+00 0.000000000000000000e+00 0.000000000000000000e+00
-1.875000000000000000e+01 nan 0.000000000000000000e+00 0.000000000000000000e+00 nan 0.000000000000000000e+00 0.000000000000000000e+00 0.000000000000000000e+00
-1.825000000000000000e+01 nan 0.000000000000000000e+00 0.000000000000000000e+00 nan 0.000000000000000000e+00 0.000000000000000000e+00 0.000000000000000000e+00
-1.775000000000000000e+01 nan 0.000000000000000000e+00 0.000000000000000000e+00 nan 0.000000000000000000e+00 0.000000000000000000e+00 0.000000000000000000e+00
-1.725000000000000000e+01 nan 0.000000000000000000e+00 0.000000000000000000e+00 nan 0.000000000000000000e+00 0.000000000000000000e+00 0.000000000000000000e+00
-1.675000000000000000e+01 nan 0.000000000000000000e+00 0.000000000000000000e+00 nan 0.000000000000000000e+00 0.000000000000000000e+00 0.000000000000000000e+00
-1.625000000000000000e+01 nan 0.000000000000000000e+00 0.000000000000000000e+00 nan 0.000000000000000000e+00 0.000000000000000000e+00 0.000000000000000000e+00
-1.575000000000000000e+01 nan 0.000000000000000000e+00 0.000000000000000000e+00 nan 0.000000000000000000e+00 0.000000000000000000e+00 0.000000000000000000e+00
-1.525000000000000000e+01 nan 0.000000000000000000e+00 0.000000000000000000e+00 nan 0.000000000000000000e+00 0.000000000000000000e+00 0.000000000000000000e+00
