# 0.8 0.6 18 0.5 1134484.01004
-2.375000000000000000e+01 nan 0.000000000000000000e+00 0.000000000000000000e+00 nan 0.000000000000000000e+00 0.000000000000000000e+00 0.000000000000000000e+00
-2.325000000000000000e+01 -2.302638414090361607e+01 2.103521837653216746e-06 2.103521837653216746e-06 4.342944819032517612e-01 1.000000000000000000e+00 1.134484010044312570e+06 1.193205944798301443e+00
-2.275000000000000000e+01 -2.275065582277262166e+01 1.492531589462953809e-05 5.641361449732138137e-06 1.641514434493118735e-01 7.000000000000000000e+00 1.134484010044312337e+06 1.209466587665531057e+00
-2.225000000000000000e+01 -2.217719614791384330e+01 4.949601504189015278e-05 1.032074880421721962e-05 9.055767925938376650e-02 2.300000000000000000e+01 1.134484010044312803e+06 1.220705165781242219e+00
-2.175000000000000000e+01 -2.169503496631056905e+01 2.004208013938229475e-04 2.089842266755283538e-05 4.528506812606607895e-02 9.200000000000000000e+01 1.134484010044310940e+06 1.235729317725865695e+00
-2.125000000000000000e+01 -2.122059076053282922e+01 5.593524576491164593e-04 3.553085915322669834e-05 2.758699967527062161e-02 2.480000000000000000e+02 1.134484010044309543e+06 1.279387941899017944e+00
-2.075000000000000000e+01 -2.073159513196443982e+01 1.009113406512168179e-03 4.935219059503410385e-05 2.123981695906883641e-02 4.200000000000000000e+02 1.133775163534630556e+06 1.361758217150885297e+00
-2.025000000000000000e+01 -2.026066793257796661e+01 1.671218157155881763e-03 7.421013476316855653e-05 1.928476655841804624e-02 5.290000000000000000e+02 9.913856573798003374e+05 1.518483758452400245e+00
-1.975000000000000000e+01 -1.983967888720222561e+01 1.413926596170752550e-03 1.510278732935479388e-04 4.638895128120945621e-02 1.470000000000000000e+02 4.318739054293145309e+05 1.576098341835659777e+00
-1.925000000000000000e+01 -1.945657738946657389e+01 8.802191289501316699e-05 8.802191289501316699e-05 4.342944819032518167e-01 1.000000000000000000e+00 3.584727574199368246e+04 1.577672891442643222e+00
-1.875000000000000000e+01 nan 0.000000000000000000e+00 0.000000000000000000e+00 nan 0.000000000000000000e+00 0.000000000000000000e+00 0.000000000000000000e+00
-1.825000000000000000e+01 nan 0.000000000000000000e+00 0.000000000000000000e+00 nan 0.000000000000000000e+00 0.000000000000000000e+00 0.000000000000000000e+00
-1.775000000000000000e+01 nan 0.000000000000000000e+00 0.000000000000000000e+00 nan 0.000000000000000000e+00 0.000000000000000000e+00 0.000000000000000000e+00
-1.725000000000000000e+01 nan 0.000000000000000000e+00 0.000000000000000000e+00 nan 0.000000000000000000e+00 0.000000000000000000e+00 0.000000000000000000e+00
-1.675000000000000000e+01 nan 0.000000000000000000e+00 0.000000000000000000e+00 nan 0.000000000000000000e+00 0.000000000000000000e+00 0.000000000000000000e+00
-1.625000000000000000e+01 nan 0.000000000000000000e+00 0.000000000000000000e+00 nan 0.000000000000000000e+00 0.000000000000000000e+00 0.000000000000000000e+00
-1.575000000000000000e+01 nan 0.000000000000000000e+00 0.000000000000000000e+00 nan 0.000000000000000000e+00 0.000000000000000000e+00 0.000000000000000000e+00
-1.525000000000000000e+01 nan 0.000000000000000000e+00 0.000000000000000000e+00 nan 0.000000000000000000e+00 0.000000000000000000e+00 0.000000000000000000e+00
