# 0.6 0.4 18 0.5 727662.701784
-2.375000000000000000e+01 nan 0.000000000000000000e+00 0.000000000000000000e+00 nan 0.000000000000000000e+00 0.000000000000000000e+00 0.000000000000000000e+00
-2.325000000000000000e+01 nan 0.000000000000000000e+00 0.000000000000000000e+00 nan 0.000000000000000000e+00 0.000000000000000000e+00 0.000000000000000000e+00
-2.275000000000000000e+01 -2.267823354752862031e+01 3.261700394564994683e-06 3.261700394564995107e-06 4.342944819032518167e-01 1.000000000000000000e+00 7.276627017839646433e+05 1.186708860759493778e+00
-2.225000000000000000e+01 -2.234250029870859677e+01 9.867116572412613804e-06 5.696974879435669572e-06 2.507485074816943604e-01 3.000000000000000000e+00 7.276627017839647597e+05 1.196655450649849017e+00
-2.175000000000000000e+01 -2.171306192345459962e+01 1.263864670318537887e-04 2.050342222303899899e-05 7.045471988194820789e-02 3.800000000000000000e+01 7.276627017839652253e+05 1.210088395649061788e+00
-2.125000000000000000e+01 -2.123843633151213695e+01 2.175858472469755780e-04 2.699296490374220161e-05 5.387710577791876565e-02 6.500000000000000000e+01 7.276627017839646433e+05 1.217916195982210015e+00
-2.075000000000000000e+01 -2.073508801105148081e+01 4.577755537189906357e-04 3.955528671855195974e-05 3.752634366865591209e-02 1.340000000000000000e+02 7.276627017839659238e+05 1.242933568021687085e+00
-2.025000000000000000e+01 -2.024870923100468900e+01 7.940943960375530840e-04 5.308595705491055947e-05 2.903299447841762096e-02 2.240000000000000000e+02 7.276627017839649925e+05 1.289805521634355134e+00
-1.975000000000000000e+01 -1.971436297991364484e+01 9.323931669911792418e-04 6.039903694407484968e-05 2.813294797271986489e-02 2.400000000000000000e+02 7.274150228522170801e+05 1.412948439742319762e+00
-1.925000000000000000e+01 -1.928371303442586537e+01 9.891489491705473050e-04 7.762364842791967404e-05 3.408134053593485369e-02 1.770000000000000000e+02 5.668767601167078828e+05 1.484465610937708790e+00
-1.875000000000000000e+01 -1.880467138589957798e+01 8.789962682103263968e-04 1.313943470255461124e-04 6.491931983131170314e-02 5.500000000000000000e+01 2.305680234278031276e+05 1.577672891442644554e+00
-1.825000000000000000e+01 nan 0.000000000000000000e+00 0.000000000000000000e+00 nan 0.000000000000000000e+00 0.000000000000000000e+00 0.000000000000000000e+00
-1.775000000000000000e+01 nan 0.000000000000000000e+00 0.000000000000000000e+00 nan 0.000000000000000000e+00 0.000000000000000000e+00 0.000000000000000000e+00
-1.725000000000000000e+01 nan 0.000000000000000000e+00 0.000000000000000000e+00 nan 0.000000000000000000e+00 0.000000000000000000e+00 0.000000000000000000e+00
-1.675000000000000000e+01 nan 0.000000000000000000e+00 0.000000000000000000e+00 nan 0.000000000000000000e+00 0.000000000000000000e+00 0.000000000000000000e+00
-1.625000000000000000e+01 nan 0.000000000000000000e+00 0.000000000000000000e+00 nan 0.000000000000000000e+00 0.000000000000000000e+00 0.000000000000000000e+00
-1.575000000000000000e+01 nan 0.000000000000000000e+00 0.000000000000000000e+00 nan 0.000000000000000000e+00 0.000000000000000000e+00 0.000000000000000000e+00
-1.525000000000000000e+01 nan 0.000000000000000000e+00 0.000000000000000000e+00 nan 0.000000000000000000e+00 0.000000000000000000e+00 0.000000000000000000e+00
