# 0.7 0.4 16 0.5 1245834.70212
-2.275000000000000000e+01 -2.262866672110494903e+01 3.847701458185074600e-06 2.720865455491725722e-06 3.071072083327927582e-01 2.000000000000000000e+00 1.245834702118780464e+06 1.198399999999999910e+00
-2.225000000000000000e+01 -2.221207617612936858e+01 2.332845597459447831e-05 6.734626273396421353e-06 1.253752512125941576e-01 1.200000000000000000e+01 1.245834702118780464e+06 1.210974999999999913e+00
-2.175000000000000000e+01 -2.171033530367969888e+01 1.446458343900095542e-04 1.681542690034280497e-05 5.048778033922265984e-02 7.400000000000000000e+01 1.245834702118782792e+06 1.217599999999998461e+00
-2.125000000000000000e+01 -2.122835563031527428e+01 3.113517381883124731e-04 2.493674975914227297e-05 3.478346669915673151e-02 1.560000000000000000e+02 1.245834702118783491e+06 1.243246153846155222e+00
-2.075000000000000000e+01 -2.073652545336572572e+01 6.193860218275017019e-04 3.578497745462949219e-05 2.509132866402669776e-02 3.000000000000000000e+02 1.245834702118775342e+06 1.286087666666673623e+00
-2.025000000000000000e+01 -2.024265079260533895e+01 9.814074033422080529e-04 4.703886772379770119e-05 2.081573933297403353e-02 4.390000000000000000e+02 1.245834702118768822e+06 1.392564236902056551e+00
-1.975000000000000000e+01 -1.975757799728913255e+01 1.004083849812706332e-03 5.468707390606006421e-05 2.365369628569106639e-02 3.500000000000000000e+02 1.055273328873057617e+06 1.472737142857140524e+00
-1.925000000000000000e+01 -1.927995972658651169e+01 8.344016450054146617e-04 7.141661573853826323e-05 3.717135784320130254e-02 1.490000000000000000e+02 5.681366347263824428e+05 1.487155704697983527e+00
-1.875000000000000000e+01 -1.880205638967545667e+01 8.394172367564396112e-04 1.293343737393957602e-04 6.691452400057176786e-02 5.200000000000000000e+01 2.295599101558555558e+05 1.577699999999998548e+00
-1.825000000000000000e+01 nan 0.000000000000000000e+00 0.000000000000000000e+00 nan 0.000000000000000000e+00 0.000000000000000000e+00 0.000000000000000000e+00
-1.775000000000000000e+01 nan 0.000000000000000000e+00 0.000000000000000000e+00 nan 0.000000000000000000e+00 0.000000000000000000e+00 0.000000000000000000e+00
-1.725000000000000000e+01 nan 0.000000000000000000e+00 0.000000000000000000e+00 nan 0.000000000000000000e+00 0.000000000000000000e+00 0.000000000000000000e+00
-1.675000000000000000e+01 nan 0.000000000000000000e+00 0.000000000000000000e+00 nan 0.000000000000000000e+00 0.000000000000000000e+00 0.000000000000000000e+00
-1.625000000000000000e+01 nan 0.000000000000000000e+00 0.000000000000000000e+00 nan 0.000000000000000000e+00 0.000000000000000000e+00 0.000000000000000000e+00
-1.575000000000000000e+01 nan 0.000000000000000000e+00 0.000000000000000000e+00 nan 0.000000000000000000e+00 0.000000000000000000e+00 0.000000000000000000e+00
-1.525000000000000000e+01 nan 0.000000000000000000e+00 0.000000000000000000e+00 nan 0.000000000000000000e+00 0.000000000000000000e+00 0.000000000000000000e+00
