# 0.8 0.3 18 0.5 2072626.8813
-2.375000000000000000e+01 nan 0.000000000000000000e+00 0.000000000000000000e+00 nan 0.000000000000000000e+00 0.000000000000000000e+00 0.000000000000000000e+00
-2.325000000000000000e+01 -2.302635056163703808e+01 1.151389100242804701e-06 1.151389100242804701e-06 4.342944819032517612e-01 1.000000000000000000e+00 2.072626881300818641e+06 1.193200000000000038e+00
-2.275000000000000000e+01 -2.275423089204933547e+01 1.046005925890209288e-05 3.486853729840696075e-06 1.447717739060430664e-01 9.000000000000000000e+00 2.072626881300818641e+06 1.204433333333333245e+00
-2.225000000000000000e+01 -2.219612865205177599e+01 3.055687474257355872e-05 5.992897733951913385e-06 8.517501997151608051e-02 2.600000000000000000e+01 2.072626881300819572e+06 1.217942307692307713e+00
-2.175000000000000000e+01 -2.170639627737786270e+01 1.503575982785732186e-04 1.334436967445198396e-05 3.854401892848977745e-02 1.270000000000000000e+02 2.072626881300813984e+06 1.226910236220471351e+00
-2.125000000000000000e+01 -2.121739716118433350e+01 3.680265883270137099e-04 2.118958449659115535e-05 2.500504015898775620e-02 3.020000000000000000e+02 2.072626881300810259e+06 1.262883774834443917e+00
-2.075000000000000000e+01 -2.072997721042385422e+01 6.979659187646461123e-04 2.998099645945611765e-05 1.865503884107736279e-02 5.450000000000000000e+02 2.072080783244382823e+06 1.326731192660552061e+00
-2.025000000000000000e+01 -2.025278569352305169e+01 1.108971955404097678e-03 4.121639925424063682e-05 1.614112482539328125e-02 7.390000000000000000e+02 1.928148150724492036e+06 1.434474560216529415e+00
-1.975000000000000000e+01 -1.976101877033055132e+01 9.762495660504348204e-04 4.794307731191866533e-05 2.132796228147218476e-02 4.300000000000000000e+02 1.294997536422548350e+06 1.434346511627915266e+00
-1.925000000000000000e+01 -1.926323997639103780e+01 9.983223363973058994e-04 6.323936991475595363e-05 2.751066303107023436e-02 2.610000000000000000e+02 7.599451900444445200e+05 1.404865517241379536e+00
-1.875000000000000000e+01 -1.877024575987378796e+01 1.024850227939370396e-03 9.356857603602004045e-05 3.965098035221627237e-02 1.310000000000000000e+02 4.031615846602407983e+05 1.473545801526714438e+00
-1.825000000000000000e+01 -1.848758835163740599e+01 6.129240715958620669e-05 2.806730185094508497e-05 1.988741327133849990e-01 5.000000000000000000e+00 2.599000644076267199e+05 1.531400000000000095e+00
-1.775000000000000000e+01 nan 0.000000000000000000e+00 0.000000000000000000e+00 nan 0.000000000000000000e+00 0.000000000000000000e+00 0.000000000000000000e+00
-1.725000000000000000e+01 nan 0.000000000000000000e+00 0.000000000000000000e+00 nan 0.000000000000000000e+00 0.000000000000000000e+00 0.000000000000000000e+00
-1.675000000000000000e+01 nan 0.000000000000000000e+00 0.000000000000000000e+00 nan 0.000000000000000000e+00 0.000000000000000000e+00 0.000000000000000000e+00
-1.625000000000000000e+01 nan 0.000000000000000000e+00 0.000000000000000000e+00 nan 0.000000000000000000e+00 0.000000000000000000e+00 0.000000000000000000e+00
-1.575000000000000000e+01 nan 0.000000000000000000e+00 0.000000000000000000e+00 nan 0.000000000000000000e+00 0.000000000000000000e+00 0.000000000000000000e+00
-1.525000000000000000e+01 nan 0.000000000000000000e+00 0.000000000000000000e+00 nan 0.000000000000000000e+00 0.000000000000000000e+00 0.000000000000000000e+00
