# 0.6 0.1 18 0.5 1107997.21638
-2.375000000000000000e+01 nan 0.000000000000000000e+00 0.000000000000000000e+00 nan 0.000000000000000000e+00 0.000000000000000000e+00 0.000000000000000000e+00
-2.325000000000000000e+01 nan 0.000000000000000000e+00 0.000000000000000000e+00 nan 0.000000000000000000e+00 0.000000000000000000e+00 0.000000000000000000e+00
-2.275000000000000000e+01 -2.276596496351847065e+01 4.285996159546182370e-06 3.030657227192224817e-06 3.070926014196795339e-01 2.000000000000000000e+00 1.107522298010136466e+06 1.186708860759493778e+00
-2.225000000000000000e+01 -2.234250029870859677e+01 6.489295121303785240e-06 3.746689957691362212e-06 2.507463050471908650e-01 3.000000000000000000e+00 1.106418340581648983e+06 1.196655450649849017e+00
-2.175000000000000000e+01 -2.171268767559309865e+01 9.353791416973373661e-05 1.426763464661470461e-05 6.624431442412243021e-02 4.300000000000000000e+01 1.107997216384291416e+06 1.205113354958809113e+00
-2.125000000000000000e+01 -2.121740342027648296e+01 1.731315590406004936e-04 1.948048702604583828e-05 4.886612277439034840e-02 7.900000000000000000e+01 1.106945441340032732e+06 1.213038568640099513e+00
-2.075000000000000000e+01 -2.072545773555131277e+01 3.848573234427786960e-04 2.926808926369283388e-05 3.302774531965869259e-02 1.730000000000000000e+02 1.107997216384291416e+06 1.232430182311294642e+00
-2.025000000000000000e+01 -2.023922364046343958e+01 6.401499004856864641e-04 3.828520839852058474e-05 2.597368949581723221e-02 2.800000000000000000e+02 1.107997216384291416e+06 1.266579121083612147e+00
-1.975000000000000000e+01 -1.972840247180634066e+01 7.846703971947388036e-04 4.406449489371200626e-05 2.438854205359265379e-02 3.200000000000000000e+02 1.107811457185481209e+06 1.358202006294757958e+00
-1.925000000000000000e+01 -1.926353945971917625e+01 8.949498310688184990e-04 5.317218507534088832e-05 2.580299561750882403e-02 2.930000000000000000e+02 9.254390699497497408e+05 1.383211641654234159e+00
-1.875000000000000000e+01 -1.876821517619220003e+01 8.919379076908650521e-04 6.929409629674952297e-05 3.374006574971259720e-02 1.730000000000000000e+02 5.676422905952875735e+05 1.420087931984142404e+00
-1.825000000000000000e+01 nan 0.000000000000000000e+00 0.000000000000000000e+00 nan 0.000000000000000000e+00 0.000000000000000000e+00 0.000000000000000000e+00
-1.775000000000000000e+01 nan 0.000000000000000000e+00 0.000000000000000000e+00 nan 0.000000000000000000e+00 0.000000000000000000e+00 0.000000000000000000e+00
-1.725000000000000000e+01 nan 0.000000000000000000e+00 0.000000000000000000e+00 nan 0.000000000000000000e+00 0.000000000000000000e+00 0.000000000000000000e+00
-1.675000000000000000e+01 nan 0.000000000000000000e+00 0.000000000000000000e+00 nan 0.000000000000000000e+00 0.000000000000000000e+00 0.000000000000000000e+00
-1.625000000000000000e+01 nan 0.000000000000000000e+00 0.000000000000000000e+00 nan 0.000000000000000000e+00 0.000000000000000000e+00 0.000000000000000000e+00
-1.575000000000000000e+01 nan 0.000000000000000000e+00 0.000000000000000000e+00 nan 0.000000000000000000e+00 0.000000000000000000e+00 0.000000000000000000e+00
-1.525000000000000000e+01 nan 0.000000000000000000e+00 0.000000000000000000e+00 nan 0.000000000000000000e+00 0.000000000000000000e+00 0.000000000000000000e+00
