# 0.4 0.2 18 0.5 331360.199758
-2.375000000000000000e+01 nan 0.000000000000000000e+00 0.000000000000000000e+00 nan 0.000000000000000000e+00 0.000000000000000000e+00 0.000000000000000000e+00
-2.325000000000000000e+01 nan 0.000000000000000000e+00 0.000000000000000000e+00 nan 0.000000000000000000e+00 0.000000000000000000e+00 0.000000000000000000e+00
-2.275000000000000000e+01 -2.285369637950832100e+01 7.162651770653648767e-06 7.162651770653648767e-06 4.342944819032518167e-01 1.000000000000000000e+00 3.313601997577489819e+05 1.186708860759493778e+00
-2.225000000000000000e+01 nan 0.000000000000000000e+00 0.000000000000000000e+00 nan 0.000000000000000000e+00 0.000000000000000000e+00 0.000000000000000000e+00
-2.175000000000000000e+01 -2.171168108396865648e+01 3.623074766534826335e-05 1.620406243389603464e-05 1.942365353444653608e-01 5.000000000000000000e+00 3.313601997577489819e+05 1.200542778376239905e+00
-2.125000000000000000e+01 -2.118329153240431495e+01 1.665264330590495692e-04 3.472452133020678894e-05 9.056020550859353313e-02 2.300000000000000000e+01 3.313601997577491566e+05 1.199570263552001803e+00
-2.075000000000000000e+01 -2.071289022822617909e+01 3.860236802995736598e-04 5.302684890544031069e-05 5.965765585799905069e-02 5.300000000000000000e+01 3.313601997577490984e+05 1.206725319012152520e+00
-2.025000000000000000e+01 -2.022221308377554294e+01 6.755868699046558429e-04 7.043808266579443559e-05 4.528043983731779715e-02 9.200000000000000000e+01 3.313601997577483417e+05 1.216644566115866022e+00
-1.975000000000000000e+01 -1.976241411360335221e+01 7.822034318037562493e-04 7.635085272697434463e-05 4.239147091373521997e-02 1.050000000000000000e+02 3.313601997577482834e+05 1.234243263874713392e+00
-1.925000000000000000e+01 -1.924549710059635643e+01 1.152586851015975286e-03 9.447490849208631919e-05 3.559812555579732612e-02 1.490000000000000000e+02 3.313601997577479924e+05 1.281615467083250692e+00
-1.875000000000000000e+01 -1.875006682754106890e+01 1.032676096397190310e-03 9.232577373156489653e-05 3.882783208496460442e-02 1.260000000000000000e+02 3.312125800209727022e+05 1.357163147202520737e+00
-1.825000000000000000e+01 nan 0.000000000000000000e+00 0.000000000000000000e+00 nan 0.000000000000000000e+00 0.000000000000000000e+00 0.000000000000000000e+00
-1.775000000000000000e+01 nan 0.000000000000000000e+00 0.000000000000000000e+00 nan 0.000000000000000000e+00 0.000000000000000000e+00 0.000000000000000000e+00
-1.725000000000000000e+01 nan 0.000000000000000000e+00 0.000000000000000000e+00 nan 0.000000000000000000e+00 0.000000000000000000e+00 0.000000000000000000e+00
-1.675000000000000000e+01 nan 0.000000000000000000e+00 0.000000000000000000e+00 nan 0.000000000000000000e+00 0.000000000000000000e+00 0.000000000000000000e+00
-1.625000000000000000e+01 nan 0.000000000000000000e+00 0.000000000000000000e+00 nan 0.000000000000000000e+00 0.000000000000000000e+00 0.000000000000000000e+00
-1.575000000000000000e+01 nan 0.000000000000000000e+00 0.000000000000000000e+00 nan 0.000000000000000000e+00 0.000000000000000000e+00 0.000000000000000000e+00
-1.525000000000000000e+01 nan 0.000000000000000000e+00 0.000000000000000000e+00 nan 0.000000000000000000e+00 0.000000000000000000e+00 0.000000000000000000e+00
