# 1.0 0.7 16 0.5 2110898.65645
-2.275000000000000000e+01 -2.274639863909716553e+01 1.499986742770225115e-05 4.160350550437320137e-06 1.204555503938117694e-01 1.300000000000000000e+01 2.110898656445679255e+06 1.217815384615384300e+00
-2.225000000000000000e+01 -2.220870915473345519e+01 9.901934389969543188e-05 1.087308616436169442e-05 4.768887710692457788e-02 8.300000000000000000e+01 2.110898656445681117e+06 1.259155421686746879e+00
-2.175000000000000000e+01 -2.169754231195126692e+01 3.343624279852595318e-04 2.045198439099434843e-05 2.656453961798559485e-02 2.680000000000000000e+02 2.110898656445678789e+06 1.316800746268662614e+00
-2.125000000000000000e+01 -2.122411794225782344e+01 8.327869852479272616e-04 3.448923819725695721e-05 1.798597492449565544e-02 5.900000000000000000e+02 2.045268625393245602e+06 1.438375932203405760e+00
-2.075000000000000000e+01 -2.076749141975204438e+01 1.304575914223834315e-03 5.624425296888393733e-05 1.872376182699158828e-02 5.720000000000000000e+02 1.386696361677885056e+06 1.511394405594424173e+00
-2.025000000000000000e+01 -2.028481981210912366e+01 1.700166124075394841e-03 1.248307678289525824e-04 3.188706848828847668e-02 2.470000000000000000e+02 5.656024121482510818e+05 1.566453036437241542e+00
-1.975000000000000000e+01 -1.996153191255860904e+01 2.347122195669085307e-04 9.747926916251917022e-05 1.803685755064648177e-01 6.000000000000000000e+00 8.363347361928045575e+04 1.577700000000000102e+00
-1.925000000000000000e+01 nan 0.000000000000000000e+00 0.000000000000000000e+00 nan 0.000000000000000000e+00 0.000000000000000000e+00 0.000000000000000000e+00
-1.875000000000000000e+01 nan 0.000000000000000000e+00 0.000000000000000000e+00 nan 0.000000000000000000e+00 0.000000000000000000e+00 0.000000000000000000e+00
-1.825000000000000000e+01 nan 0.000000000000000000e+00 0.000000000000000000e+00 nan 0.000000000000000000e+00 0.000000000000000000e+00 0.000000000000000000e+00
-1.775000000000000000e+01 nan 0.000000000000000000e+00 0.000000000000000000e+00 nan 0.000000000000000000e+00 0.000000000000000000e+00 0.000000000000000000e+00
-1.725000000000000000e+01 nan 0.000000000000000000e+00 0.000000000000000000e+00 nan 0.000000000000000000e+00 0.000000000000000000e+00 0.000000000000000000e+00
-1.675000000000000000e+01 nan 0.000000000000000000e+00 0.000000000000000000e+00 nan 0.000000000000000000e+00 0.000000000000000000e+00 0.000000000000000000e+00
-1.625000000000000000e+01 nan 0.000000000000000000e+00 0.000000000000000000e+00 nan 0.000000000000000000e+00 0.000000000000000000e+00 0.000000000000000000e+00
-1.575000000000000000e+01 nan 0.000000000000000000e+00 0.000000000000000000e+00 nan 0.000000000000000000e+00 0.000000000000000000e+00 0.000000000000000000e+00
-1.525000000000000000e+01 nan 0.000000000000000000e+00 0.000000000000000000e+00 nan 0.000000000000000000e+00 0.000000000000000000e+00 0.000000000000000000e+00
