# 0.350 0.100 9
-2.350000000000000000e+01 0.000000000000000000e+00 0.000000000000000000e+00 nan 0.000000000000000000e+00 0.000000000000000000e+00
-2.250000000000000000e+01 1.577662462121624001e-05 7.225776876796186299e-06 1.989091520144677938e-01 2.000000000000000000e+00 2.186096722775587987e+05
-2.150000000000000000e+01 4.449899992058777248e-04 4.711382579802714238e-05 4.598142565439477386e-02 5.000000000000000000e+01 2.057741173379116517e+05
-2.050000000000000000e+01 3.070421945919320997e-03 9.046739812941780663e-05 1.279612134480981669e-02 4.670000000000000000e+02 2.535301977432268905e+05
-1.950000000000000000e+01 6.542471894516820215e-03 1.272757091912422888e-04 8.448662687936809093e-03 1.046000000000000000e+03 2.691544885128917522e+05
-1.850000000000000000e+01 8.595810491553203259e-03 1.527702566244194577e-04 7.718560049238658467e-03 1.268000000000000000e+03 2.732509492969820276e+05
-1.750000000000000000e+01 7.055538328855018824e-03 1.577261048925665435e-04 9.708625169931057314e-03 8.590000000000000000e+02 2.446035065709846094e+05
-1.650000000000000000e+01 6.585221931568834702e-03 2.340667834774558503e-04 1.543667222114178915e-02 4.000000000000000000e+02 1.482473947577757644e+05
-1.550000000000000000e+01 5.302864719893170264e-03 2.773327000355558700e-04 2.271301789482536859e-02 1.550000000000000000e+02 6.884173721376692993e+04
