# 0.350 0.100 18 -16.915
-2.375000000000000000e+01 0.000000000000000000e+00 0.000000000000000000e+00 nan 0.000000000000000000e+00 0.000000000000000000e+00
-2.325000000000000000e+01 0.000000000000000000e+00 0.000000000000000000e+00 nan 0.000000000000000000e+00 0.000000000000000000e+00
-2.275000000000000000e+01 0.000000000000000000e+00 0.000000000000000000e+00 nan 0.000000000000000000e+00 0.000000000000000000e+00
-2.225000000000000000e+01 0.000000000000000000e+00 0.000000000000000000e+00 nan 0.000000000000000000e+00 0.000000000000000000e+00
-2.175000000000000000e+01 0.000000000000000000e+00 0.000000000000000000e+00 nan 0.000000000000000000e+00 0.000000000000000000e+00
-2.125000000000000000e+01 3.107870372530030685e-04 4.540560501771687124e-05 6.344989122123527447e-02 2.500000000000000000e+01 2.350907792730910587e+05
-2.075000000000000000e+01 1.086446270522465566e-03 7.934852504874020300e-05 3.171866617873142502e-02 9.700000000000000000e+01 2.537319565499891178e+05
-2.025000000000000000e+01 2.128665751121821496e-03 1.079069802743864103e-04 2.201538971880001583e-02 2.000000000000000000e+02 2.655272549891534145e+05
-1.975000000000000000e+01 3.555784097748127068e-03 1.390398339223482575e-04 1.698197387053439200e-02 3.360000000000000000e+02 2.680123828252595849e+05
-1.925000000000000000e+01 4.092332164318616614e-03 1.477709645201862433e-04 1.568203945813464312e-02 3.920000000000000000e+02 2.716460705825227778e+05
-1.875000000000000000e+01 5.012855909419081796e-03 1.633606763796723580e-04 1.415293828381679851e-02 4.810000000000000000e+02 2.733887402294764179e+05
-1.825000000000000000e+01 3.584942045808983159e-03 1.383445284736669972e-04 1.675961969534785906e-02 3.430000000000000000e+02 2.734339185795162921e+05
-1.775000000000000000e+01 3.527427112273777594e-03 1.424545756767663768e-04 1.753891268880372264e-02 3.190000000000000000e+02 2.621009838250011671e+05
-1.725000000000000000e+01 3.029830635558246939e-03 1.566573300071788793e-04 2.245518715579260596e-02 2.100000000000000000e+02 2.128093197090402828e+05
-1.675000000000000000e+01 2.485134894812476240e-03 1.689912412876911707e-04 2.953238624367039711e-02 1.310000000000000000e+02 1.713305915442735422e+05
-1.625000000000000000e+01 2.389139085808600869e-03 2.234458041404448919e-04 4.061767701974809686e-02 7.000000000000000000e+01 1.088331270428336575e+05
-1.575000000000000000e+01 2.294084529036060239e-03 2.453346140283911136e-04 4.644443905350079116e-02 4.800000000000000000e+01 7.044179744774136634e+04
-1.525000000000000000e+01 7.145426713479224347e-04 1.488138001533096310e-04 9.044807935083661043e-02 1.200000000000000000e+01 4.934966770556753181e+04
