# 0.350 0.100 9 -17.789
-2.350000000000000000e+01 0.000000000000000000e+00 0.000000000000000000e+00 nan 0.000000000000000000e+00 0.000000000000000000e+00
-2.250000000000000000e+01 0.000000000000000000e+00 0.000000000000000000e+00 nan 0.000000000000000000e+00 0.000000000000000000e+00
-2.150000000000000000e+01 1.566081861704641111e-04 1.413470920127077291e-05 3.919735206394175941e-02 9.000000000000000000e+00 2.255680669454646995e+05
-2.050000000000000000e+01 1.774456923405121457e-03 4.296780501984631315e-05 1.051627704988459047e-02 1.210000000000000000e+02 2.595660376745958638e+05
-1.950000000000000000e+01 4.962021778889528882e-03 6.980265149384030086e-05 6.109385995636422428e-03 3.550000000000000000e+02 2.703931855494061601e+05
-1.850000000000000000e+01 5.798531413448721437e-03 7.494700029182191792e-05 5.613329710769101796e-03 4.200000000000000000e+02 2.734501634225067100e+05
-1.750000000000000000e+01 3.989136837851977799e-03 6.878915497466945824e-05 7.489026231642923782e-03 2.490000000000000000e+02 2.454047654352440441e+05
-1.650000000000000000e+01 2.914823856823328414e-03 1.013468760115927077e-04 1.510018826933030855e-02 7.400000000000000000e+01 1.270919041743144917e+05
-1.550000000000000000e+01 1.014825864789012768e-03 7.276254347021100560e-05 3.113871277308052909e-02 1.500000000000000000e+01 7.113739678452746011e+04
