# 1.000 0.750 9
-2.350000000000000000e+01 5.232232032601178041e-06 1.482257504046451272e-06 1.230328186433716775e-01 5.000000000000000000e+00 2.032164300329441903e+06
-2.250000000000000000e+01 9.092697851794042535e-05 5.695834596792222596e-06 2.720501192869205498e-02 1.010000000000000000e+02 2.032164300329444697e+06
-2.150000000000000000e+01 1.152480229523542964e-03 2.032467442054356174e-05 7.659041535984911948e-03 1.278000000000000000e+03 2.008319661076716147e+06
-2.050000000000000000e+01 2.151975646595926089e-03 3.382221690954290128e-05 6.825728810074882698e-03 1.768000000000000000e+03 1.634142074749286054e+06
-1.950000000000000000e+01 2.918863115995034055e-04 1.627746714088429417e-05 2.421906707412577534e-02 1.330000000000000000e+02 8.992270232484133448e+05
-1.850000000000000000e+01 0.000000000000000000e+00 0.000000000000000000e+00 nan 0.000000000000000000e+00 0.000000000000000000e+00
-1.750000000000000000e+01 0.000000000000000000e+00 0.000000000000000000e+00 nan 0.000000000000000000e+00 0.000000000000000000e+00
-1.650000000000000000e+01 0.000000000000000000e+00 0.000000000000000000e+00 nan 0.000000000000000000e+00 0.000000000000000000e+00
-1.550000000000000000e+01 0.000000000000000000e+00 0.000000000000000000e+00 nan 0.000000000000000000e+00 0.000000000000000000e+00
