# 0.350 0.100 18 -18.891
-2.375000000000000000e+01 0.000000000000000000e+00 0.000000000000000000e+00 nan 0.000000000000000000e+00 0.000000000000000000e+00
-2.325000000000000000e+01 0.000000000000000000e+00 0.000000000000000000e+00 nan 0.000000000000000000e+00 0.000000000000000000e+00
-2.275000000000000000e+01 0.000000000000000000e+00 0.000000000000000000e+00 nan 0.000000000000000000e+00 0.000000000000000000e+00
-2.225000000000000000e+01 0.000000000000000000e+00 0.000000000000000000e+00 nan 0.000000000000000000e+00 0.000000000000000000e+00
-2.175000000000000000e+01 0.000000000000000000e+00 0.000000000000000000e+00 nan 0.000000000000000000e+00 0.000000000000000000e+00
-2.125000000000000000e+01 2.573438929818734969e-05 1.098766695407359704e-05 1.854282637855715621e-01 2.000000000000000000e+00 2.610408274594134418e+05
-2.075000000000000000e+01 2.961089804888072832e-04 8.620242580149399785e-05 1.264306060237117280e-01 1.300000000000000000e+01 2.386966954752319143e+05
-2.025000000000000000e+01 3.207587946434417841e-03 2.210254072279328719e-04 2.992594944316765565e-02 1.610000000000000000e+02 2.144120069583552249e+05
-1.975000000000000000e+01 6.755129376262970775e-03 1.834915493822632151e-04 1.179686767401043855e-02 5.010000000000000000e+02 2.547058933557611890e+05
-1.925000000000000000e+01 9.264239738408577840e-03 2.084528700220201417e-04 9.771976302829407310e-03 7.220000000000000000e+02 2.713958166529684095e+05
-1.875000000000000000e+01 1.163572564088169621e-02 2.372091356136414087e-04 8.853647966061733293e-03 8.830000000000000000e+02 2.734697722439632053e+05
-1.825000000000000000e+01 1.148402717317324566e-02 2.407578952241806194e-04 9.104804768727407446e-03 8.380000000000000000e+02 2.722338258869731799e+05
-1.775000000000000000e+01 1.156116901942655893e-02 2.664469658386102511e-04 1.000906108968141993e-02 7.170000000000000000e+02 2.494492559450386325e+05
-1.725000000000000000e+01 1.152282879134837977e-02 3.577710571994227162e-04 1.348436210759839868e-02 4.590000000000000000e+02 1.821736485283807851e+05
-1.675000000000000000e+01 9.061447910204198722e-03 4.098012721360942061e-04 1.964083807900275300e-02 2.050000000000000000e+02 1.099003392129495187e+05
-1.625000000000000000e+01 8.439886272615243490e-03 4.564988399811178705e-04 2.349023681069132771e-02 1.320000000000000000e+02 7.163928232502538594e+04
-1.575000000000000000e+01 4.558074779535715992e-03 3.634817430971884087e-04 3.463262954974242330e-02 6.000000000000000000e+01 6.088374300668335491e+04
-1.525000000000000000e+01 6.313916960200895720e-04 1.364399042066929990e-04 9.384839534932634675e-02 9.000000000000000000e+00 7.477150959656172199e+04
