# 0.750 0.550 9 -20.373
-2.350000000000000000e+01 1.170860736234540334e-05 2.800316580780047153e-06 1.038690598273970395e-01 7.000000000000000000e+00 1.099864074695084011e+06
-2.250000000000000000e+01 3.353280339165042338e-04 1.396273448778460282e-05 1.808360150954448423e-02 2.280000000000000000e+02 1.134053513011960546e+06
-2.150000000000000000e+01 1.852451553668540236e-03 3.278843670499571129e-05 7.687022693259386481e-03 1.259000000000000000e+03 1.134053513011937728e+06
-2.050000000000000000e+01 3.447112611654655750e-03 4.646502247870646046e-05 5.854030644599790729e-03 2.180000000000000000e+03 1.125556778674894245e+06
-1.950000000000000000e+01 1.369167533562861989e-03 3.830754527813142872e-05 1.215100060564473956e-02 5.480000000000000000e+02 8.003475402556048939e+05
-1.850000000000000000e+01 0.000000000000000000e+00 0.000000000000000000e+00 nan 0.000000000000000000e+00 0.000000000000000000e+00
-1.750000000000000000e+01 0.000000000000000000e+00 0.000000000000000000e+00 nan 0.000000000000000000e+00 0.000000000000000000e+00
-1.650000000000000000e+01 0.000000000000000000e+00 0.000000000000000000e+00 nan 0.000000000000000000e+00 0.000000000000000000e+00
-1.550000000000000000e+01 0.000000000000000000e+00 0.000000000000000000e+00 nan 0.000000000000000000e+00 0.000000000000000000e+00
