# 0.550 0.350 9
-2.350000000000000000e+01 0.000000000000000000e+00 0.000000000000000000e+00 nan 0.000000000000000000e+00 0.000000000000000000e+00
-2.250000000000000000e+01 1.690253740113723034e-05 4.011649238729987335e-06 1.030754783358499571e-01 7.000000000000000000e+00 6.679559960569556570e+05
-2.150000000000000000e+01 5.859897545391787267e-04 2.370555312058581971e-05 1.756889234152387430e-02 2.410000000000000000e+02 6.676460342310811393e+05
-2.050000000000000000e+01 3.104083155661830750e-03 5.481345703797864188e-05 7.668989756996220236e-03 1.265000000000000000e+03 6.679559960569449468e+05
-1.950000000000000000e+01 4.709215735718546084e-03 6.980072437998071115e-05 6.437180017290073698e-03 1.808000000000000000e+03 6.620008572272289312e+05
-1.850000000000000000e+01 4.087491899800415988e-03 8.834486701829070564e-05 9.386608999125760702e-03 9.600000000000000000e+02 4.791494637263888726e+05
-1.750000000000000000e+01 3.135225342797612726e-04 2.901471802846608832e-05 4.019147128511535438e-02 4.700000000000000000e+01 2.923130519711031229e+05
-1.650000000000000000e+01 0.000000000000000000e+00 0.000000000000000000e+00 nan 0.000000000000000000e+00 0.000000000000000000e+00
-1.550000000000000000e+01 0.000000000000000000e+00 0.000000000000000000e+00 nan 0.000000000000000000e+00 0.000000000000000000e+00
