# 0.350 0.100 18 -17.331
-2.375000000000000000e+01 0.000000000000000000e+00 0.000000000000000000e+00 nan 0.000000000000000000e+00 0.000000000000000000e+00
-2.325000000000000000e+01 0.000000000000000000e+00 0.000000000000000000e+00 nan 0.000000000000000000e+00 0.000000000000000000e+00
-2.275000000000000000e+01 0.000000000000000000e+00 0.000000000000000000e+00 nan 0.000000000000000000e+00 0.000000000000000000e+00
-2.225000000000000000e+01 0.000000000000000000e+00 0.000000000000000000e+00 nan 0.000000000000000000e+00 0.000000000000000000e+00
-2.175000000000000000e+01 0.000000000000000000e+00 0.000000000000000000e+00 nan 0.000000000000000000e+00 0.000000000000000000e+00
-2.125000000000000000e+01 3.820453364549257339e-04 5.101712747311355647e-05 5.799431331821022773e-02 3.000000000000000000e+01 2.325308474498881260e+05
-2.075000000000000000e+01 1.503170872042965903e-03 9.467736718612078460e-05 2.735408122576031900e-02 1.310000000000000000e+02 2.525539652671821823e+05
-2.025000000000000000e+01 2.791089935181740277e-03 1.249604595836448185e-04 1.944388726755145666e-02 2.560000000000000000e+02 2.657354269887077389e+05
-1.975000000000000000e+01 4.890013256115524967e-03 1.655445433742894375e-04 1.470243083834882163e-02 4.480000000000000000e+02 2.683743595113360207e+05
-1.925000000000000000e+01 5.747167050749380467e-03 1.799626757902643068e-04 1.359918658255544234e-02 5.220000000000000000e+02 2.718115025868915836e+05
-1.875000000000000000e+01 7.359710245096015742e-03 2.082386149647669292e-04 1.228810352399876786e-02 6.420000000000000000e+02 2.733943885728071327e+05
-1.825000000000000000e+01 5.626325112985820949e-03 1.832923357066520856e-04 1.414828478162953422e-02 4.850000000000000000e+02 2.734441150568727753e+05
-1.775000000000000000e+01 5.369646185245875551e-03 1.876144321903467531e-04 1.517416787153704275e-02 4.340000000000000000e+02 2.613815110044350149e+05
-1.725000000000000000e+01 4.848304947846254070e-03 2.113851337770515258e-04 1.893515324289485324e-02 3.010000000000000000e+02 2.151238217520948965e+05
-1.675000000000000000e+01 4.114746586399916327e-03 2.390338684799183115e-04 2.522903607525507283e-02 1.860000000000000000e+02 1.684826550742326945e+05
-1.625000000000000000e+01 4.590894820056615373e-03 3.341742140893263612e-04 3.161257725603057456e-02 1.190000000000000000e+02 1.132231185092302476e+05
-1.575000000000000000e+01 4.173451847789218933e-03 3.578443915823191534e-04 3.723772318747420318e-02 7.500000000000000000e+01 6.993729210232998594e+04
-1.525000000000000000e+01 1.257470769724200943e-03 2.031381795467337959e-04 7.015812420066673549e-02 2.100000000000000000e+01 6.392715787118973822e+04
