# 0.350 0.100 9 -17.331
-2.350000000000000000e+01 0.000000000000000000e+00 0.000000000000000000e+00 nan 0.000000000000000000e+00 0.000000000000000000e+00
-2.250000000000000000e+01 0.000000000000000000e+00 0.000000000000000000e+00 nan 0.000000000000000000e+00 0.000000000000000000e+00
-2.150000000000000000e+01 1.280377635769809760e-04 1.798393869746214792e-05 6.100016995765716182e-02 1.300000000000000000e+01 2.144531070232107595e+05
-2.050000000000000000e+01 1.700609634704361829e-03 5.748753520592322724e-05 1.468092312818844968e-02 2.170000000000000000e+02 2.599748966288206866e+05
-1.950000000000000000e+01 4.980825380803120296e-03 9.552779136692684527e-05 8.329381073859675605e-03 6.670000000000000000e+02 2.707683614737236639e+05
-1.850000000000000000e+01 5.836775768762872581e-03 1.028058828504730142e-04 7.649433419748433681e-03 7.900000000000000000e+02 2.734080223866036977e+05
-1.750000000000000000e+01 4.362384249751689348e-03 1.008351234705433930e-04 1.003857872166642740e-02 4.960000000000000000e+02 2.418775456055178365e+05
-1.650000000000000000e+01 2.732354215573285124e-03 1.329018326110389730e-04 2.112410323992115757e-02 1.350000000000000000e+02 1.331194212142382748e+05
-1.550000000000000000e+01 9.926417054110662011e-04 9.829243442016702143e-05 4.300430019091146250e-02 2.600000000000000000e+01 5.779278980302861601e+04
