# 0.350 0.100 18 -17.331
-2.375000000000000000e+01 0.000000000000000000e+00 0.000000000000000000e+00 nan 0.000000000000000000e+00 0.000000000000000000e+00
-2.325000000000000000e+01 0.000000000000000000e+00 0.000000000000000000e+00 nan 0.000000000000000000e+00 0.000000000000000000e+00
-2.275000000000000000e+01 0.000000000000000000e+00 0.000000000000000000e+00 nan 0.000000000000000000e+00 0.000000000000000000e+00
-2.225000000000000000e+01 3.155324924243248003e-05 1.445155375359237260e-05 1.989091520144677938e-01 2.000000000000000000e+00 2.186096722775587987e+05
-2.175000000000000000e+01 1.336868762826695211e-04 6.200082158989342459e-05 2.014155423380876719e-01 3.000000000000000000e+00 1.223370047057166958e+05
-2.125000000000000000e+01 7.562931221290861454e-04 7.095596132451168110e-05 4.074581873047398994e-02 4.700000000000000000e+01 2.110998904846474761e+05
-2.075000000000000000e+01 2.366684964029057078e-03 1.167171439370133778e-04 2.141798013921474009e-02 1.700000000000000000e+02 2.417981175644900941e+05
-2.025000000000000000e+01 3.774158927809584049e-03 1.382552306728858458e-04 1.590910317344348957e-02 2.970000000000000000e+02 2.602455298320662696e+05
-1.975000000000000000e+01 6.063135442784549356e-03 1.731977873744277446e-04 1.240593155874178052e-02 4.860000000000000000e+02 2.669500682969870977e+05
-1.925000000000000000e+01 7.021808346249202963e-03 1.865447695571669277e-04 1.153767805267240029e-02 5.600000000000000000e+02 2.710676103431327501e+05
-1.875000000000000000e+01 9.003192254982294099e-03 2.180287125578472742e-04 1.051723256358802483e-02 6.800000000000000000e+02 2.731674813730049063e+05
-1.825000000000000000e+01 8.188428728124171399e-03 2.140525303207881818e-04 1.135282919865417822e-02 5.880000000000000000e+02 2.733474768281097640e+05
-1.775000000000000000e+01 7.251402831565572152e-03 2.080535261670541898e-04 1.246055424772995676e-02 4.950000000000000000e+02 2.630942261032796814e+05
-1.725000000000000000e+01 6.859673826144565244e-03 2.371156403693752386e-04 1.501208611302932809e-02 3.640000000000000000e+02 2.194581599542731419e+05
-1.675000000000000000e+01 6.442865824749796980e-03 2.812489115135134873e-04 1.895815521136640092e-02 2.450000000000000000e+02 1.684418112508227350e+05
-1.625000000000000000e+01 6.727578038387869823e-03 3.742299911583686612e-04 2.415817686475002848e-02 1.550000000000000000e+02 1.163271880429596204e+05
-1.575000000000000000e+01 7.915629568285781695e-03 4.746874326598665423e-04 2.604393382163365175e-02 1.180000000000000000e+02 7.051716571162967011e+04
-1.525000000000000000e+01 2.690099871500561436e-03 2.869242884644504932e-04 4.632156468399789562e-02 3.700000000000000000e+01 6.349847876112361701e+04
