# 0.350 0.100 9 -17.331
-2.350000000000000000e+01 0.000000000000000000e+00 0.000000000000000000e+00 nan 0.000000000000000000e+00 0.000000000000000000e+00
-2.250000000000000000e+01 0.000000000000000000e+00 0.000000000000000000e+00 nan 0.000000000000000000e+00 0.000000000000000000e+00
-2.150000000000000000e+01 1.280377635769809760e-04 1.798393869746214792e-05 6.100016995765716182e-02 1.300000000000000000e+01 2.144531070232107595e+05
-2.050000000000000000e+01 1.797230512177476350e-03 6.200745129311086381e-05 1.498388423244364359e-02 2.170000000000000000e+02 2.516963315502639452e+05
-1.950000000000000000e+01 5.403306490036889620e-03 1.055679813600847623e-04 8.485099235974884885e-03 6.670000000000000000e+02 2.559425918253881391e+05
-1.850000000000000000e+01 5.862319141446649048e-03 1.032926145652298690e-04 7.652161447486257456e-03 7.900000000000000000e+02 2.723710926332701347e+05
-1.750000000000000000e+01 4.363252903717978678e-03 1.008509231136154124e-04 1.003815281158024382e-02 4.960000000000000000e+02 2.418143699603358691e+05
-1.650000000000000000e+01 2.732354215573285124e-03 1.329018326110389730e-04 2.112410323992115757e-02 1.350000000000000000e+02 1.331194212142382748e+05
-1.550000000000000000e+01 9.926417054110662011e-04 9.829243442016702143e-05 4.300430019091146250e-02 2.600000000000000000e+01 5.779278980302861601e+04
