# 0.4 0.2 18 0.5 331320.327843
-2.375000000000000000e+01 nan 0.000000000000000000e+00 0.000000000000000000e+00 nan 0.000000000000000000e+00 0.000000000000000000e+00 0.000000000000000000e+00
-2.325000000000000000e+01 -2.311045255196335901e+01 1.426776325730501066e-05 1.008883215160463681e-05 3.070925731856876673e-01 2.000000000000000000e+00 3.313203278432379011e+05 1.181799999999999962e+00
-2.275000000000000000e+01 -2.261790526707504867e+01 2.937821552743781809e-05 1.469059608831421513e-05 2.171692426677756804e-01 4.000000000000000000e+00 3.313203278432379011e+05 1.216699999999999893e+00
-2.225000000000000000e+01 -2.222229663580966275e+01 5.694911665343836677e-05 2.017498829231836776e-05 1.538546443334089242e-01 8.000000000000000000e+00 3.313203278432379011e+05 1.179275000000000073e+00
-2.175000000000000000e+01 -2.172070938212624114e+01 4.631741161158336442e-04 5.751476281433533049e-05 5.392862694424276071e-02 6.500000000000000000e+01 3.313203278432377265e+05 1.180453846153847186e+00
-2.125000000000000000e+01 -2.121046859162334997e+01 1.246515125372590687e-03 9.479132345496178356e-05 3.302595200879814702e-02 1.730000000000000000e+02 3.313203278432392399e+05 1.193629479768785862e+00
-2.075000000000000000e+01 -2.072517628393033107e+01 2.324516593996604936e-03 1.299506192969028095e-04 2.427895633281830848e-02 3.200000000000000000e+02 3.313203278432374937e+05 1.203374375000003216e+00
-2.025000000000000000e+01 -2.022477922260231864e+01 3.855084317688849127e-03 1.679396931757919456e-04 1.891924430916127470e-02 5.270000000000000000e+02 3.313203278432395309e+05 1.211829032258072036e+00
-1.975000000000000000e+01 -1.974390201987482740e+01 4.944137326747544310e-03 1.913274999128739072e-04 1.680626405722586425e-02 6.680000000000000000e+02 3.313203278432415100e+05 1.226117664670673957e+00
-1.925000000000000000e+01 -1.924268635012449025e+01 5.749099707824854855e-03 2.096333439863003851e-04 1.583597591676176239e-02 7.530000000000000000e+02 3.313203278432423249e+05 1.264803187250999050e+00
-1.875000000000000000e+01 -1.874499290353157477e+01 6.909102183268833568e-03 2.379717580950502654e-04 1.495850237094032385e-02 8.510000000000000000e+02 3.305702337454168010e+05 1.340069330199760822e+00
-1.825000000000000000e+01 -1.827499360527048466e+01 7.336079904637906809e-03 2.887837363335885336e-04 1.709594017286967388e-02 6.900000000000000000e+02 2.833487978537607123e+05 1.444073478260887722e+00
-1.775000000000000000e+01 -1.778193047196964471e+01 6.937591544479830910e-03 4.051996109129002042e-04 2.536556872230960949e-02 3.400000000000000000e+02 1.622057788281886315e+05 1.443113529411764073e+00
-1.725000000000000000e+01 -1.730008370941158091e+01 7.029094581854610987e-03 6.795388196976055121e-04 4.198548706337823511e-02 1.390000000000000000e+02 7.282878601298885769e+04 1.503958273381292399e+00
-1.675000000000000000e+01 -1.680805311753541531e+01 2.929260290216804518e-03 7.162449949034688495e-04 1.061910578640918590e-01 2.700000000000000000e+01 4.424316291263477615e+04 1.541029629629629749e+00
-1.625000000000000000e+01 -1.621425936539309376e+01 3.553523329276390389e-04 1.802444575181623844e-04 2.202860824040885623e-01 6.000000000000000000e+00 7.216849416243656015e+04 1.528433333333333310e+00
-1.575000000000000000e+01 nan 0.000000000000000000e+00 0.000000000000000000e+00 nan 0.000000000000000000e+00 0.000000000000000000e+00 0.000000000000000000e+00
-1.525000000000000000e+01 nan 0.000000000000000000e+00 0.000000000000000000e+00 nan 0.000000000000000000e+00 0.000000000000000000e+00 0.000000000000000000e+00
