# 0.8 0.3 18 0.5 2072626.8813
-2.375000000000000000e+01 nan 0.000000000000000000e+00 0.000000000000000000e+00 nan 0.000000000000000000e+00 0.000000000000000000e+00 0.000000000000000000e+00
-2.325000000000000000e+01 -2.303116390452299100e+01 2.326709184131286254e-06 1.645318862637137091e-06 3.071088161288332841e-01 2.000000000000000000e+00 2.072626881300818641e+06 1.205600000000000005e+00
-2.275000000000000000e+01 -2.265774419319591715e+01 3.025455308224328887e-05 5.933764536932152076e-06 8.517730168737169816e-02 2.600000000000000000e+01 2.072626881300819572e+06 1.205892307692308041e+00
-2.225000000000000000e+01 -2.218672025976843543e+01 1.570303863837429321e-04 1.356687454018812098e-05 3.752151978457722581e-02 1.340000000000000000e+02 2.072626881300813751e+06 1.214423134328360465e+00
-2.175000000000000000e+01 -2.171120832962501979e+01 5.357758359782785170e-04 2.514898576071482986e-05 2.038551388081769750e-02 4.540000000000000000e+02 2.072626881300809095e+06 1.222977312775332059e+00
-2.125000000000000000e+01 -2.121808478131528020e+01 1.328892250143629905e-03 4.007377603650120784e-05 1.309648679176072562e-02 1.101000000000000000e+03 2.072626881300870795e+06 1.250816439600353824e+00
-2.075000000000000000e+01 -2.073722227492820025e+01 2.239051209521573417e-03 5.316182132332014729e-05 1.031145940318973012e-02 1.783000000000000000e+03 2.072459958451337647e+06 1.301242793045399804e+00
-2.025000000000000000e+01 -2.024588389703504987e+01 3.312176289011860460e-03 7.023337210151504970e-05 9.209040608839572442e-03 2.273000000000000000e+03 1.921302192142172717e+06 1.388716454025462177e+00
-1.975000000000000000e+01 -1.976453045059135505e+01 3.524418243894641544e-03 8.755740892743343472e-05 1.078921311703083703e-02 1.680000000000000000e+03 1.345829305482496507e+06 1.380865595238081500e+00
-1.925000000000000000e+01 -1.926496502838753955e+01 4.464667816286791921e-03 1.299961569125780713e-04 1.264519913661038553e-02 1.253000000000000000e+03 8.160275929754234385e+05 1.387986671987239351e+00
-1.875000000000000000e+01 -1.876626105864658101e+01 5.979096130667903297e-03 2.211089519729136910e-04 1.606035354553176850e-02 8.310000000000000000e+02 4.382679588483977714e+05 1.427082912154042704e+00
-1.825000000000000000e+01 -1.829744131945827945e+01 8.965424518906674189e-03 5.002146593788170826e-04 2.423091799805004651e-02 4.690000000000000000e+02 2.029809792910425458e+05 1.528013219616214613e+00
-1.775000000000000000e+01 -1.786325206471327220e+01 2.597259656841818982e-03 3.718210753493142885e-04 6.217316041319275594e-02 6.800000000000000000e+01 1.093250363470404554e+05 1.553869117647056486e+00
-1.725000000000000000e+01 -1.739581029445841409e+01 2.520812144086492833e-04 1.715273317894033377e-04 2.955133878836554429e-01 3.000000000000000000e+00 1.235065620750573726e+05 1.577700000000000102e+00
-1.675000000000000000e+01 nan 0.000000000000000000e+00 0.000000000000000000e+00 nan 0.000000000000000000e+00 0.000000000000000000e+00 0.000000000000000000e+00
-1.625000000000000000e+01 nan 0.000000000000000000e+00 0.000000000000000000e+00 nan 0.000000000000000000e+00 0.000000000000000000e+00 0.000000000000000000e+00
-1.575000000000000000e+01 nan 0.000000000000000000e+00 0.000000000000000000e+00 nan 0.000000000000000000e+00 0.000000000000000000e+00 0.000000000000000000e+00
-1.525000000000000000e+01 nan 0.000000000000000000e+00 0.000000000000000000e+00 nan 0.000000000000000000e+00 0.000000000000000000e+00 0.000000000000000000e+00
