# 0.8 0.6 18 0.5 1134170.45885
-2.375000000000000000e+01 nan 0.000000000000000000e+00 0.000000000000000000e+00 nan 0.000000000000000000e+00 0.000000000000000000e+00 0.000000000000000000e+00
-2.325000000000000000e+01 -2.302635056163703808e+01 2.104092891310399507e-06 2.104092891310399507e-06 4.342944819032517612e-01 1.000000000000000000e+00 1.134170458849743940e+06 1.193200000000000038e+00
-2.275000000000000000e+01 -2.267204813381360395e+01 3.623159083307072703e-05 8.787653541763938676e-06 1.053343050723062058e-01 1.700000000000000000e+01 1.134170458849743474e+06 1.208611764705882496e+00
-2.225000000000000000e+01 -2.218323168118215349e+01 2.237568418572438863e-04 2.194147071305397619e-05 4.258667389308549295e-02 1.040000000000000000e+02 1.134170458849743241e+06 1.220088461538463509e+00
-2.175000000000000000e+01 -2.171267302538843325e+01 6.519013030456249219e-04 3.764177804676896059e-05 2.507682745588038151e-02 3.000000000000000000e+02 1.134170458849745803e+06 1.232278666666665634e+00
-2.125000000000000000e+01 -2.121872643693122384e+01 1.604453709582161517e-03 6.006753774102018906e-05 1.625911674898621387e-02 7.140000000000000000e+02 1.134170458849755581e+06 1.274316526610646649e+00
-2.075000000000000000e+01 -2.073738182538184560e+01 2.575974959959542385e-03 7.854643888447627716e-05 1.324247537763908154e-02 1.080000000000000000e+03 1.133894881589793134e+06 1.352152129629617727e+00
-2.025000000000000000e+01 -2.025294686718099868e+01 3.901868674336398096e-03 1.133468683649559866e-04 1.261598571876246765e-02 1.235000000000000000e+03 9.801102617873515701e+05 1.502607854251036379e+00
-1.975000000000000000e+01 -1.983814939442736147e+01 3.617399587976663760e-03 2.420610188722761499e-04 2.906114246530029990e-02 4.250000000000000000e+02 4.664149940886234981e+05 1.570074117647065837e+00
-1.925000000000000000e+01 -1.945195986215525608e+01 6.053556321225055104e-04 2.367262640362513960e-04 1.698322518815036097e-01 1.200000000000000000e+01 1.033214452735583909e+05 1.577700000000000102e+00
-1.875000000000000000e+01 nan 0.000000000000000000e+00 0.000000000000000000e+00 nan 0.000000000000000000e+00 0.000000000000000000e+00 0.000000000000000000e+00
-1.825000000000000000e+01 nan 0.000000000000000000e+00 0.000000000000000000e+00 nan 0.000000000000000000e+00 0.000000000000000000e+00 0.000000000000000000e+00
-1.775000000000000000e+01 nan 0.000000000000000000e+00 0.000000000000000000e+00 nan 0.000000000000000000e+00 0.000000000000000000e+00 0.000000000000000000e+00
-1.725000000000000000e+01 nan 0.000000000000000000e+00 0.000000000000000000e+00 nan 0.000000000000000000e+00 0.000000000000000000e+00 0.000000000000000000e+00
-1.675000000000000000e+01 nan 0.000000000000000000e+00 0.000000000000000000e+00 nan 0.000000000000000000e+00 0.000000000000000000e+00 0.000000000000000000e+00
-1.625000000000000000e+01 nan 0.000000000000000000e+00 0.000000000000000000e+00 nan 0.000000000000000000e+00 0.000000000000000000e+00 0.000000000000000000e+00
-1.575000000000000000e+01 nan 0.000000000000000000e+00 0.000000000000000000e+00 nan 0.000000000000000000e+00 0.000000000000000000e+00 0.000000000000000000e+00
-1.525000000000000000e+01 nan 0.000000000000000000e+00 0.000000000000000000e+00 nan 0.000000000000000000e+00 0.000000000000000000e+00 0.000000000000000000e+00
