# 0.2 0.01 18 0.5 56573.7993993
-2.375000000000000000e+01 nan 0.000000000000000000e+00 0.000000000000000000e+00 nan 0.000000000000000000e+00 0.000000000000000000e+00 0.000000000000000000e+00
-2.325000000000000000e+01 nan 0.000000000000000000e+00 0.000000000000000000e+00 nan 0.000000000000000000e+00 0.000000000000000000e+00 0.000000000000000000e+00
-2.275000000000000000e+01 -2.277341428501872045e+01 2.105487179890578469e-04 2.105487179890578469e-04 4.342944819032517612e-01 1.000000000000000000e+00 5.461918794773973059e+04 5.750000000000000000e+00
-2.225000000000000000e+01 -2.238710032710349296e+01 2.007392209313021330e-04 2.007392209313021330e-04 4.342944819032517612e-01 1.000000000000000000e+00 5.479746284242314869e+04 5.500000000000000000e+00
-2.175000000000000000e+01 -2.156099452001213024e+01 1.612928863950558519e-04 8.065781040361481738e-05 2.171778480973502179e-01 4.000000000000000000e+00 5.209935690477117168e+04 1.050050000000000150e+00
-2.125000000000000000e+01 -2.117779023460436960e+01 7.417908914880278056e-04 2.534557620815404292e-04 1.483901192933062829e-01 1.400000000000000000e+01 5.379509438627136115e+04 1.438828571428571124e+00
-2.075000000000000000e+01 -2.065654926169753480e+01 1.113406928450645303e-03 2.777667573001391392e-04 1.083454457387612313e-01 2.300000000000000000e+01 5.528302321823684179e+04 1.340247826086956584e+00
-2.025000000000000000e+01 -2.023303753515660830e+01 1.722924206247389636e-03 2.663797886126226516e-04 6.714588596847741175e-02 4.200000000000000000e+01 5.584460811363137327e+04 1.145569047619047875e+00
-1.975000000000000000e+01 -1.975947182287939796e+01 2.636986491951745417e-03 3.326749985631881172e-04 5.478940320101141626e-02 6.300000000000000000e+01 5.618860559329579701e+04 1.175969841269842275e+00
-1.925000000000000000e+01 -1.924176386034224251e+01 3.031781296483693385e-03 3.598364054886011264e-04 5.154559317086973569e-02 7.100000000000000000e+01 5.640891429450330907e+04 1.204349295774647333e+00
-1.875000000000000000e+01 -1.874216356106686021e+01 4.881886150053764764e-03 4.553986809479038372e-04 4.051244296213585977e-02 1.150000000000000000e+02 5.650342532307995862e+04 1.199326956521741039e+00
-1.825000000000000000e+01 -1.825220045521829704e+01 6.131559429291787849e-03 5.128786727438675898e-04 3.632687247463448760e-02 1.430000000000000000e+02 5.654799877769790328e+04 1.212336363636363545e+00
-1.775000000000000000e+01 -1.774262851879780101e+01 6.118430847645906813e-03 5.173912002057247947e-04 3.672512590725794668e-02 1.400000000000000000e+02 5.656548082937917934e+04 1.236045714285716191e+00
-1.725000000000000000e+01 -1.725483612855111204e+01 8.746448992681206749e-03 6.516794072048629882e-04 3.235836289171507146e-02 1.900000000000000000e+02 5.636327419153768278e+04 1.282410000000003825e+00
-1.675000000000000000e+01 -1.676012854026615173e+01 7.387791642744517655e-03 6.199726052116237562e-04 3.644535395621505136e-02 1.460000000000000000e+02 5.452225168582879269e+04 1.363970547945203782e+00
-1.625000000000000000e+01 -1.625445287130563443e+01 1.030319333139614185e-02 9.361253537756988397e-04 3.945903589673057515e-02 1.330000000000000000e+02 3.796131062902964186e+04 1.358593984962404910e+00
-1.575000000000000000e+01 -1.578825001780929860e+01 1.550417108018035603e-02 1.578744583875915479e-03 4.422294217253823490e-02 1.080000000000000000e+02 2.289847303756700785e+04 1.453989814814812487e+00
-1.525000000000000000e+01 -1.528092217425526478e+01 1.453831639023882467e-02 2.064748492072685480e-03 6.167900412645352382e-02 5.900000000000000000e+01 1.435998190710863673e+04 1.411655932203389474e+00
