# 0.6 0.4 18 0.5 727518.840187
-2.375000000000000000e+01 nan 0.000000000000000000e+00 0.000000000000000000e+00 nan 0.000000000000000000e+00 0.000000000000000000e+00 0.000000000000000000e+00
-2.325000000000000000e+01 -2.303597724740894037e+01 3.348366895040704458e-06 3.348366895040704458e-06 4.342944819032518167e-01 1.000000000000000000e+00 7.275188401868328219e+05 1.217999999999999972e+00
-2.275000000000000000e+01 -2.264098193599244979e+01 1.632947402014924920e-05 7.302780278396195868e-06 1.942228618965874676e-01 5.000000000000000000e+00 7.275188401868328219e+05 1.188000000000000167e+00
-2.225000000000000000e+01 -2.218684523559156219e+01 7.546966067009318292e-05 1.573677818012254691e-05 9.055819074685500514e-02 2.300000000000000000e+01 7.275188401868325891e+05 1.193600000000000438e+00
-2.175000000000000000e+01 -2.171268665472269532e+01 3.483343468258779155e-04 3.399518231891817760e-05 4.238433627615023624e-02 1.050000000000000000e+02 7.275188401868338697e+05 1.206760952380952157e+00
-2.125000000000000000e+01 -2.122078060403912048e+01 8.326418046362023522e-04 5.277012374349117330e-05 2.752416876445834201e-02 2.490000000000000000e+02 7.275188401868341025e+05 1.216390763052210833e+00
-2.075000000000000000e+01 -2.073862397537081748e+01 1.552361447725492029e-03 7.254881370522688023e-05 2.029652920521290982e-02 4.580000000000000000e+02 7.275188401868342189e+05 1.232939082969434885e+00
-2.025000000000000000e+01 -2.024198824244815142e+01 2.267532754995517114e-03 8.919741169948055756e-05 1.708374161995888929e-02 6.470000000000000000e+02 7.275188401868342189e+05 1.274863060278205174e+00
-1.975000000000000000e+01 -1.973620262179064255e+01 2.846415348650534367e-03 1.040067637144653729e-04 1.586892917199250047e-02 7.540000000000000000e+02 7.274165052383445436e+05 1.373004244031832632e+00
-1.925000000000000000e+01 -1.927848404981436659e+01 3.567917557697967111e-03 1.440121592556182443e-04 1.752946503955677901e-02 6.730000000000000000e+02 5.935854718751811888e+05 1.476352748885607635e+00
-1.875000000000000000e+01 -1.881209409616978334e+01 3.229384184426826315e-03 2.437466652048692495e-04 3.277957209033104113e-02 2.290000000000000000e+02 2.675229409460868919e+05 1.552147161572047906e+00
-1.825000000000000000e+01 -1.838275449094229685e+01 9.024898843303046482e-04 2.173096416169353114e-04 1.045733363412051226e-01 2.600000000000000000e+01 1.482243373785367876e+05 1.568796153846153896e+00
-1.775000000000000000e+01 nan 0.000000000000000000e+00 0.000000000000000000e+00 nan 0.000000000000000000e+00 0.000000000000000000e+00 0.000000000000000000e+00
-1.725000000000000000e+01 -1.734650900184530897e+01 2.936250706511196948e-05 2.936250706511197287e-05 4.342944819032518167e-01 1.000000000000000000e+00 1.074635756750210421e+05 1.577700000000000102e+00
-1.675000000000000000e+01 nan 0.000000000000000000e+00 0.000000000000000000e+00 nan 0.000000000000000000e+00 0.000000000000000000e+00 0.000000000000000000e+00
-1.625000000000000000e+01 nan 0.000000000000000000e+00 0.000000000000000000e+00 nan 0.000000000000000000e+00 0.000000000000000000e+00 0.000000000000000000e+00
-1.575000000000000000e+01 nan 0.000000000000000000e+00 0.000000000000000000e+00 nan 0.000000000000000000e+00 0.000000000000000000e+00 0.000000000000000000e+00
-1.525000000000000000e+01 nan 0.000000000000000000e+00 0.000000000000000000e+00 nan 0.000000000000000000e+00 0.000000000000000000e+00 0.000000000000000000e+00
