# 0.7 0.4 16 0.5 1245834.70212
-2.275000000000000000e+01 -2.262785841331650261e+01 2.307994788642398165e-05 6.662860776884061201e-06 1.253747921498753193e-01 1.200000000000000000e+01 1.245834702118780464e+06 1.198075000000000223e+00
-2.225000000000000000e+01 -2.216687812086316001e+01 1.417399914287859031e-04 1.659038915969167331e-05 5.083332087191263365e-02 7.300000000000000000e+01 1.245834702118782792e+06 1.209483561643836413e+00
-2.175000000000000000e+01 -2.171113390716127611e+01 4.825492490918630527e-04 3.070516608170123279e-05 2.763465950947347274e-02 2.470000000000000000e+02 1.245834702118779998e+06 1.216956680161943583e+00
-2.125000000000000000e+01 -2.122326261701719474e+01 1.122804813207577048e-03 4.720749281036355912e-05 1.825958830142461811e-02 5.660000000000000000e+02 1.245834702118765563e+06 1.235714840989407426e+00
-2.075000000000000000e+01 -2.073799452250105091e+01 2.021855062887660710e-03 6.433625356647192572e-05 1.381942772413238298e-02 9.890000000000000000e+02 1.245834702118776273e+06 1.273456622851352860e+00
-2.025000000000000000e+01 -2.023859953077977281e+01 2.905435072661820620e-03 8.012213061611273663e-05 1.197638162088763246e-02 1.326000000000000000e+03 1.245829138522420311e+06 1.364885294117645254e+00
-1.975000000000000000e+01 -1.976963473892936562e+01 3.094360469854717192e-03 9.270121705019132954e-05 1.301064547030745915e-02 1.155000000000000000e+03 1.100323628876886563e+06 1.441265714285732136e+00
-1.925000000000000000e+01 -1.928152304214734514e+01 3.558528971043932801e-03 1.432631749387168875e-04 1.748430512779344456e-02 6.850000000000000000e+02 6.158992938750572503e+05 1.478128175182502835e+00
-1.875000000000000000e+01 -1.881209409616978334e+01 3.229384184426826315e-03 2.437466652048692495e-04 3.277957209033104113e-02 2.290000000000000000e+02 2.675229409460868919e+05 1.552147161572047906e+00
-1.825000000000000000e+01 -1.838275449094229685e+01 9.024898843303046482e-04 2.173096416169353114e-04 1.045733363412051226e-01 2.600000000000000000e+01 1.482243373785367876e+05 1.568796153846153896e+00
-1.775000000000000000e+01 nan 0.000000000000000000e+00 0.000000000000000000e+00 nan 0.000000000000000000e+00 0.000000000000000000e+00 0.000000000000000000e+00
-1.725000000000000000e+01 -1.734650900184530897e+01 2.936250706511196948e-05 2.936250706511197287e-05 4.342944819032518167e-01 1.000000000000000000e+00 1.074635756750210421e+05 1.577700000000000102e+00
-1.675000000000000000e+01 nan 0.000000000000000000e+00 0.000000000000000000e+00 nan 0.000000000000000000e+00 0.000000000000000000e+00 0.000000000000000000e+00
-1.625000000000000000e+01 nan 0.000000000000000000e+00 0.000000000000000000e+00 nan 0.000000000000000000e+00 0.000000000000000000e+00 0.000000000000000000e+00
-1.575000000000000000e+01 nan 0.000000000000000000e+00 0.000000000000000000e+00 nan 0.000000000000000000e+00 0.000000000000000000e+00 0.000000000000000000e+00
-1.525000000000000000e+01 nan 0.000000000000000000e+00 0.000000000000000000e+00 nan 0.000000000000000000e+00 0.000000000000000000e+00 0.000000000000000000e+00
