# 1.0 0.8 18 0.5 1495044.05953
-2.375000000000000000e+01 -2.386868048525760955e+01 1.618815167737778539e-06 1.618815167737778539e-06 4.342944819032517612e-01 1.000000000000000000e+00 1.495044059527883306e+06 1.210099999999999953e+00
-2.325000000000000000e+01 -2.319241307988572132e+01 6.531446306059772466e-06 3.265766208321294799e-06 2.171501038206749834e-01 4.000000000000000000e+00 1.495044059527883306e+06 1.220600000000000129e+00
-2.275000000000000000e+01 -2.268096125232339233e+01 5.648890376292277420e-05 9.689882800765577643e-06 7.449715519924578200e-02 3.400000000000000000e+01 1.495044059527882142e+06 1.241961764705882487e+00
-2.225000000000000000e+01 -2.219421661713364458e+01 3.775068677094563707e-04 2.546476966775591241e-05 2.929538478795379666e-02 2.200000000000000000e+02 1.495044059527878650e+06 1.282703181818187987e+00
-2.175000000000000000e+01 -2.172335132793266865e+01 1.075633433939421390e-03 4.422766696580575406e-05 1.785722821980070818e-02 5.940000000000000000e+02 1.493533141142362030e+06 1.352159090909092143e+00
-2.125000000000000000e+01 -2.123751498637170343e+01 2.239227545829403695e-03 7.358680547483119859e-05 1.427203931022110774e-02 9.750000000000000000e+02 1.332338694121425506e+06 1.480698666666686814e+00
-2.075000000000000000e+01 -2.078945849961536041e+01 3.261478857477306120e-03 1.416559902321462517e-04 1.886273606996396665e-02 6.560000000000000000e+02 7.420280997497655917e+05 1.571700762195143986e+00
-2.025000000000000000e+01 -2.043099002267442899e+01 8.856288325220261015e-04 3.134095432572484388e-04 1.536897063579468758e-01 2.300000000000000000e+01 1.652512050631912134e+05 1.577700000000000102e+00
-1.975000000000000000e+01 nan 0.000000000000000000e+00 0.000000000000000000e+00 nan 0.000000000000000000e+00 0.000000000000000000e+00 0.000000000000000000e+00
-1.925000000000000000e+01 nan 0.000000000000000000e+00 0.000000000000000000e+00 nan 0.000000000000000000e+00 0.000000000000000000e+00 0.000000000000000000e+00
-1.875000000000000000e+01 nan 0.000000000000000000e+00 0.000000000000000000e+00 nan 0.000000000000000000e+00 0.000000000000000000e+00 0.000000000000000000e+00
-1.825000000000000000e+01 nan 0.000000000000000000e+00 0.000000000000000000e+00 nan 0.000000000000000000e+00 0.000000000000000000e+00 0.000000000000000000e+00
-1.775000000000000000e+01 nan 0.000000000000000000e+00 0.000000000000000000e+00 nan 0.000000000000000000e+00 0.000000000000000000e+00 0.000000000000000000e+00
-1.725000000000000000e+01 nan 0.000000000000000000e+00 0.000000000000000000e+00 nan 0.000000000000000000e+00 0.000000000000000000e+00 0.000000000000000000e+00
-1.675000000000000000e+01 nan 0.000000000000000000e+00 0.000000000000000000e+00 nan 0.000000000000000000e+00 0.000000000000000000e+00 0.000000000000000000e+00
-1.625000000000000000e+01 nan 0.000000000000000000e+00 0.000000000000000000e+00 nan 0.000000000000000000e+00 0.000000000000000000e+00 0.000000000000000000e+00
-1.575000000000000000e+01 nan 0.000000000000000000e+00 0.000000000000000000e+00 nan 0.000000000000000000e+00 0.000000000000000000e+00 0.000000000000000000e+00
-1.525000000000000000e+01 nan 0.000000000000000000e+00 0.000000000000000000e+00 nan 0.000000000000000000e+00 0.000000000000000000e+00 0.000000000000000000e+00
